w Aex Asm
5.687888e+00 7.624715e-03 7.585537e-03
5.728223e+00 8.090523e-03 8.046892e-03
5.768557e+00 8.605980e-03 8.557140e-03
5.808892e+00 9.178981e-03 9.124002e-03
5.849227e+00 9.819124e-03 9.756855e-03
5.889561e+00 1.053818e-02 1.046718e-02
5.929896e+00 1.135073e-02 1.126918e-02
5.970230e+00 1.227499e-02 1.218056e-02
6.010565e+00 1.333401e-02 1.322371e-02
6.050900e+00 1.455729e-02 1.442717e-02
6.091234e+00 1.598305e-02 1.582788e-02
6.131569e+00 1.766153e-02 1.747428e-02
6.171903e+00 1.965973e-02 1.943076e-02
6.212238e+00 2.206846e-02 2.178437e-02
6.252573e+00 2.501281e-02 2.465469e-02
6.292907e+00 2.866811e-02 2.820875e-02
6.333242e+00 3.328401e-02 3.268379e-02
6.373576e+00 3.922093e-02 3.842161e-02
6.413911e+00 4.700271e-02 4.591887e-02
6.454246e+00 5.738358e-02 5.589377e-02
6.494580e+00 7.139889e-02 6.934716e-02
6.534915e+00 9.026571e-02 8.751339e-02
6.575249e+00 1.147168e-01 1.113527e-01
6.615584e+00 1.429498e-01 1.398041e-01
6.655919e+00 1.674007e-01 1.664899e-01
6.696253e+00 1.762172e-01 1.794037e-01
6.736588e+00 1.652724e-01 1.715198e-01
6.776922e+00 1.439648e-01 1.502024e-01
6.817257e+00 1.236636e-01 1.277715e-01
6.857591e+00 1.096040e-01 1.109387e-01
6.897926e+00 1.023367e-01 1.010798e-01
6.938261e+00 1.002186e-01 9.725442e-02
6.978595e+00 1.003629e-01 9.742082e-02
7.018930e+00 1.002458e-01 9.891665e-02
7.059264e+00 1.001550e-01 1.003132e-01
7.099599e+00 1.025886e-01 1.029681e-01
7.139934e+00 1.097905e-01 1.094221e-01
7.180268e+00 1.231327e-01 1.216175e-01
7.220603e+00 1.437378e-01 1.410254e-01
7.260937e+00 1.732071e-01 1.693512e-01
7.301272e+00 2.133056e-01 2.083932e-01
7.341607e+00 2.623998e-01 2.572617e-01
7.381941e+00 3.087493e-01 3.059654e-01
7.422276e+00 3.298330e-01 3.325155e-01
7.462610e+00 3.123399e-01 3.198961e-01
7.502945e+00 2.699644e-01 2.779653e-01
7.543280e+00 2.256996e-01 2.304977e-01
7.583614e+00 1.916457e-01 1.921372e-01
7.623949e+00 1.688033e-01 1.659378e-01
7.664283e+00 1.524682e-01 1.488927e-01
7.704618e+00 1.371527e-01 1.356365e-01
7.744953e+00 1.214359e-01 1.222903e-01
7.785287e+00 1.075782e-01 1.091980e-01
7.825622e+00 9.730474e-02 9.843123e-02
7.865956e+00 9.038358e-02 9.074087e-02
7.906291e+00 8.587809e-02 8.575755e-02
7.946625e+00 8.362729e-02 8.328254e-02
7.986960e+00 8.429261e-02 8.372676e-02
8.027295e+00 8.867698e-02 8.778350e-02
8.067629e+00 9.763739e-02 9.627883e-02
8.107964e+00 1.123555e-01 1.103592e-01
8.148298e+00 1.344657e-01 1.316369e-01
8.188633e+00 1.656252e-01 1.618783e-01
8.228968e+00 2.055701e-01 2.013615e-01
8.269302e+00 2.475016e-01 2.445917e-01
8.309637e+00 2.744533e-01 2.757060e-01
8.349971e+00 2.700445e-01 2.763132e-01
8.390306e+00 2.386074e-01 2.468003e-01
8.430641e+00 1.995071e-01 2.059537e-01
8.470975e+00 1.664367e-01 1.695659e-01
8.511310e+00 1.424826e-01 1.426540e-01
8.551644e+00 1.247549e-01 1.235668e-01
8.591979e+00 1.093747e-01 1.084758e-01
8.632314e+00 9.521093e-02 9.499633e-02
8.672648e+00 8.337458e-02 8.336965e-02
8.712983e+00 7.453067e-02 7.437883e-02
8.753317e+00 6.828625e-02 6.795711e-02
8.793652e+00 6.413995e-02 6.368391e-02
8.833987e+00 6.213330e-02 6.150378e-02
8.874321e+00 6.263073e-02 6.171687e-02
8.914656e+00 6.607880e-02 6.474677e-02
8.954990e+00 7.308694e-02 7.117175e-02
8.995325e+00 8.451287e-02 8.181870e-02
9.035659e+00 1.012226e-01 9.761014e-02
9.075994e+00 1.229671e-01 1.186777e-01
9.116329e+00 1.457458e-01 1.420145e-01
9.156663e+00 1.598441e-01 1.588673e-01
9.196998e+00 1.561427e-01 1.588819e-01
9.237332e+00 1.373474e-01 1.419795e-01
9.277667e+00 1.143955e-01 1.185323e-01
9.318002e+00 9.494036e-02 9.747367e-02
9.358336e+00 8.092383e-02 8.184696e-02
9.398671e+00 7.118121e-02 7.113943e-02
9.439005e+00 6.363775e-02 6.351778e-02
9.479340e+00 5.709577e-02 5.731762e-02
9.519675e+00 5.182623e-02 5.216789e-02
9.560009e+00 4.846706e-02 4.859875e-02
9.600344e+00 4.726035e-02 4.702748e-02
9.640678e+00 4.823891e-02 4.761778e-02
9.681013e+00 5.158863e-02 5.058980e-02
9.721348e+00 5.750388e-02 5.619183e-02
9.761682e+00 6.527343e-02 6.398467e-02
9.802017e+00 7.200870e-02 7.156472e-02
9.842351e+00 7.320854e-02 7.441486e-02
9.882686e+00 6.723853e-02 6.977643e-02
9.923021e+00 5.749717e-02 6.020652e-02
9.963355e+00 4.812960e-02 5.018193e-02
1.000369e+01 4.101897e-02 4.215466e-02
1.004402e+01 3.635596e-02 3.662231e-02
1.008436e+01 3.365851e-02 3.328872e-02
1.012469e+01 3.222402e-02 3.161451e-02
1.016503e+01 3.143430e-02 3.094614e-02
1.020536e+01 3.081339e-02 3.058811e-02
1.024570e+01 2.961714e-02 2.971666e-02
1.028603e+01 2.715580e-02 2.755558e-02
1.032637e+01 2.373057e-02 2.423029e-02
1.036670e+01 2.023569e-02 2.065261e-02
1.040704e+01 1.724524e-02 1.751881e-02
1.044737e+01 1.490399e-02 1.503326e-02
1.048770e+01 1.314086e-02 1.314410e-02
1.052804e+01 1.180157e-02 1.172084e-02
1.056837e+01 1.070406e-02 1.061193e-02
1.060871e+01 9.710111e-03 9.669439e-03
1.064904e+01 8.793166e-03 8.807142e-03
1.068938e+01 7.987966e-03 8.025586e-03
1.072971e+01 7.310200e-03 7.348598e-03
1.077005e+01 6.744783e-03 6.775826e-03
1.081038e+01 6.262791e-03 6.287386e-03
1.085072e+01 5.838071e-03 5.860426e-03
1.089105e+01 5.458418e-03 5.480301e-03
1.093139e+01 5.121026e-03 5.141668e-03
1.097172e+01 4.822833e-03 4.841523e-03
1.101205e+01 4.558674e-03 4.575356e-03
1.105239e+01 4.323052e-03 4.337970e-03
1.109272e+01 4.111211e-03 4.124661e-03
1.113306e+01 3.919333e-03 3.931577e-03
1.117339e+01 3.744401e-03 3.755647e-03
1.121373e+01 3.584021e-03 3.594415e-03
1.125406e+01 3.436269e-03 3.445906e-03
1.129440e+01 3.299585e-03 3.308531e-03
1.133473e+01 3.172678e-03 3.180997e-03
1.137507e+01 3.054467e-03 3.062222e-03
1.141540e+01 2.944036e-03 2.951282e-03
1.145574e+01 2.840604e-03 2.847388e-03
1.149607e+01 2.743496e-03 2.749859e-03
1.153640e+01 2.652130e-03 2.658108e-03
1.157674e+01 2.565994e-03 2.571622e-03
1.161707e+01 2.484640e-03 2.489949e-03
1.165741e+01 2.407673e-03 2.412689e-03
1.169774e+01 2.334741e-03 2.339489e-03
1.173808e+01 2.265532e-03 2.270033e-03
1.177841e+01 2.199766e-03 2.204037e-03
1.181875e+01 2.137189e-03 2.141249e-03
1.185908e+01 2.077577e-03 2.081440e-03
1.189942e+01 2.020723e-03 2.024402e-03
1.193975e+01 1.966442e-03 1.969950e-03
1.198008e+01 1.914565e-03 1.917912e-03
1.202042e+01 1.864936e-03 1.868133e-03
1.206075e+01 1.817416e-03 1.820472e-03
1.210109e+01 1.771874e-03 1.774798e-03
1.214142e+01 1.728193e-03 1.730992e-03
1.218176e+01 1.686262e-03 1.688944e-03
1.222209e+01 1.645981e-03 1.648553e-03
1.226243e+01 1.607258e-03 1.609726e-03
1.230276e+01 1.570005e-03 1.572376e-03
1.234310e+01 1.534144e-03 1.536422e-03
1.238343e+01 1.499601e-03 1.501791e-03
1.242377e+01 1.466306e-03 1.468413e-03
1.246410e+01 1.434195e-03 1.436224e-03
1.250443e+01 1.403210e-03 1.405164e-03
1.254477e+01 1.373293e-03 1.375176e-03
1.258510e+01 1.344393e-03 1.346210e-03
1.262544e+01 1.316461e-03 1.318214e-03
1.266577e+01 1.289451e-03 1.291144e-03
1.270611e+01 1.263321e-03 1.264957e-03
1.274644e+01 1.238029e-03 1.239611e-03
1.278678e+01 1.213540e-03 1.215070e-03
1.282711e+01 1.189816e-03 1.191296e-03
1.286745e+01 1.166824e-03 1.168258e-03
1.290778e+01 1.144532e-03 1.145922e-03
1.294811e+01 1.122911e-03 1.124259e-03
1.298845e+01 1.101933e-03 1.103241e-03
1.302878e+01 1.081570e-03 1.082840e-03
1.306912e+01 1.061799e-03 1.063032e-03
1.310945e+01 1.042593e-03 1.043793e-03
1.314979e+01 1.023933e-03 1.025100e-03
1.319012e+01 1.005794e-03 1.006931e-03
1.323046e+01 9.881585e-04 9.892662e-04
1.327079e+01 9.710057e-04 9.720862e-04
1.331113e+01 9.543176e-04 9.553726e-04
1.335146e+01 9.380768e-04 9.391079e-04
1.339180e+01 9.222667e-04 9.232755e-04
1.343213e+01 9.068714e-04 9.078598e-04
1.347246e+01 8.918760e-04 8.928455e-04
1.351280e+01 8.772660e-04 8.782186e-04
1.355313e+01 8.630278e-04 8.639654e-04
1.359347e+01 8.491483e-04 8.500729e-04
1.363380e+01 8.356151e-04 8.365291e-04
1.367414e+01 8.224162e-04 8.233222e-04
1.371447e+01 8.095404e-04 8.104412e-04
1.375481e+01 7.969766e-04 7.978758e-04
1.379514e+01 7.847146e-04 7.856163e-04
1.383548e+01 7.727443e-04 7.736539e-04
1.387581e+01 7.610562e-04 7.619805e-04
1.391615e+01 7.496412e-04 7.505891e-04
1.395648e+01 7.384905e-04 7.394740e-04
1.399681e+01 7.275958e-04 7.286306e-04
1.403715e+01 7.169489e-04 7.180544e-04
1.407748e+01 7.065421e-04 7.077371e-04
1.411782e+01 6.963680e-04 6.976581e-04
1.415815e+01 6.864194e-04 6.877803e-04
1.419849e+01 6.766896e-04 6.780751e-04
1.423882e+01 6.671720e-04 6.685534e-04
1.427916e+01 6.578602e-04 6.592473e-04
1.431949e+01 6.487482e-04 6.501781e-04
1.435983e+01 6.398301e-04 6.413541e-04
1.440016e+01 6.311002e-04 6.327805e-04
1.444049e+01 6.225532e-04 6.244671e-04
1.448083e+01 6.141838e-04 6.164275e-04
1.452116e+01 6.059871e-04 6.086638e-04
1.456150e+01 5.979580e-04 6.011325e-04
1.460183e+01 5.900921e-04 5.937236e-04
1.464217e+01 5.823846e-04 5.863348e-04
1.468250e+01 5.748314e-04 5.789642e-04
1.472284e+01 5.674282e-04 5.716208e-04
1.476317e+01 5.601710e-04 5.642361e-04
1.480351e+01 5.530559e-04 5.567675e-04
1.484384e+01 5.460790e-04 5.493151e-04
1.488418e+01 5.392367e-04 5.420274e-04
1.492451e+01 5.325255e-04 5.349732e-04
1.496484e+01 5.259417e-04 5.281465e-04
1.500518e+01 5.194822e-04 5.215115e-04
1.504551e+01 5.131438e-04 5.150333e-04
1.508585e+01 5.069234e-04 5.087053e-04
1.512618e+01 5.008182e-04 5.025408e-04
1.516652e+01 4.948252e-04 4.965398e-04
1.520685e+01 4.889417e-04 4.906778e-04
1.524719e+01 4.831648e-04 4.849297e-04
1.528752e+01 4.774921e-04 4.792960e-04
1.532786e+01 4.719209e-04 4.737745e-04
1.536819e+01 4.664488e-04 4.683182e-04
1.540853e+01 4.610734e-04 4.628732e-04
1.544886e+01 4.557924e-04 4.574567e-04
1.548919e+01 4.506035e-04 4.521341e-04
1.552953e+01 4.455047e-04 4.469456e-04
1.556986e+01 4.404938e-04 4.418869e-04
1.561020e+01 4.355686e-04 4.369255e-04
1.565053e+01 4.307272e-04 4.320346e-04
1.569087e+01 4.259676e-04 4.272204e-04
1.573120e+01 4.212879e-04 4.225085e-04
1.577154e+01 4.166863e-04 4.179157e-04
1.581187e+01 4.121612e-04 4.134450e-04
1.585221e+01 4.077106e-04 4.090925e-04
1.589254e+01 4.033331e-04 4.048570e-04
1.593287e+01 3.990270e-04 4.007375e-04
1.597321e+01 3.947908e-04 3.967158e-04
1.601354e+01 3.906229e-04 3.927447e-04
1.605388e+01 3.865219e-04 3.887630e-04
1.609421e+01 3.824863e-04 3.847373e-04
1.613455e+01 3.785146e-04 3.806941e-04
1.617488e+01 3.746055e-04 3.766821e-04
1.621522e+01 3.707576e-04 3.727275e-04
1.625555e+01 3.669698e-04 3.688403e-04
1.629589e+01 3.632407e-04 3.650315e-04
1.633622e+01 3.595692e-04 3.613013e-04
1.637656e+01 3.559540e-04 3.576263e-04
1.641689e+01 3.523940e-04 3.539823e-04
1.645722e+01 3.488880e-04 3.503728e-04
1.649756e+01 3.454349e-04 3.468132e-04
1.653789e+01 3.420335e-04 3.433131e-04
1.657823e+01 3.386826e-04 3.398820e-04
1.661856e+01 3.353815e-04 3.365348e-04
1.665890e+01 3.321290e-04 3.332832e-04
1.669923e+01 3.289244e-04 3.301269e-04
1.673957e+01 3.257667e-04 3.270480e-04
1.677990e+01 3.226550e-04 3.240078e-04
1.682024e+01 3.195882e-04 3.209637e-04
1.686057e+01 3.165657e-04 3.179074e-04
1.690091e+01 3.135865e-04 3.148698e-04
1.694124e+01 3.106497e-04 3.118774e-04
1.698157e+01 3.077545e-04 3.089345e-04
1.702191e+01 3.049002e-04 3.060420e-04
1.706224e+01 3.020858e-04 3.032030e-04
1.710258e+01 2.993108e-04 3.004185e-04
1.714291e+01 2.965744e-04 2.976847e-04
1.718325e+01 2.938758e-04 2.949932e-04
1.722358e+01 2.912144e-04 2.923317e-04
1.726392e+01 2.885894e-04 2.896947e-04
1.730425e+01 2.860002e-04 2.870938e-04
1.734459e+01 2.834461e-04 2.845445e-04
1.738492e+01 2.809265e-04 2.820484e-04
1.742525e+01 2.784408e-04 2.795837e-04
1.746559e+01 2.759883e-04 2.771198e-04
1.750592e+01 2.735685e-04 2.746505e-04
1.754626e+01 2.711807e-04 2.721967e-04
1.758659e+01 2.688245e-04 2.697811e-04
1.762693e+01 2.664992e-04 2.674183e-04
1.766726e+01 2.642043e-04 2.651170e-04
1.770760e+01 2.619392e-04 2.628799e-04
1.774793e+01 2.597035e-04 2.607036e-04
1.778827e+01 2.574967e-04 2.585845e-04
1.782860e+01 2.553181e-04 2.565227e-04
1.786894e+01 2.531674e-04 2.545147e-04
1.790927e+01 2.510440e-04 2.525526e-04
1.794960e+01 2.489476e-04 2.506357e-04
1.798994e+01 2.468775e-04 2.487632e-04
1.803027e+01 2.448335e-04 2.469101e-04
1.807061e+01 2.428150e-04 2.450248e-04
1.811094e+01 2.408217e-04 2.430578e-04
1.815128e+01 2.388530e-04 2.409986e-04
1.819161e+01 2.369086e-04 2.388829e-04
1.823195e+01 2.349882e-04 2.367600e-04
1.827228e+01 2.330912e-04 2.346645e-04
1.831262e+01 2.312173e-04 2.326139e-04
1.835295e+01 2.293662e-04 2.306106e-04
1.839328e+01 2.275374e-04 2.286478e-04
1.843362e+01 2.257307e-04 2.267231e-04
1.847395e+01 2.239456e-04 2.248401e-04
1.851429e+01 2.221818e-04 2.230000e-04
1.855462e+01 2.204389e-04 2.211993e-04
1.859496e+01 2.187167e-04 2.194299e-04
1.863529e+01 2.170147e-04 2.176854e-04
1.867563e+01 2.153327e-04 2.159669e-04
1.871596e+01 2.136704e-04 2.142788e-04
1.875630e+01 2.120275e-04 2.126211e-04
1.879663e+01 2.104036e-04 2.109900e-04
1.883697e+01 2.087984e-04 2.093821e-04
1.887730e+01 2.072117e-04 2.077984e-04
1.891763e+01 2.056432e-04 2.062430e-04
1.895797e+01 2.040926e-04 2.047146e-04
1.899830e+01 2.025596e-04 2.032009e-04
1.903864e+01 2.010440e-04 2.016840e-04
1.907897e+01 1.995455e-04 2.001544e-04
1.911931e+01 1.980638e-04 1.986226e-04
1.915964e+01 1.965987e-04 1.971063e-04
1.919998e+01 1.951499e-04 1.956154e-04
1.924031e+01 1.937172e-04 1.941496e-04
1.928065e+01 1.923004e-04 1.927044e-04
1.932098e+01 1.908991e-04 1.912773e-04
1.936132e+01 1.895133e-04 1.898676e-04
1.940165e+01 1.881426e-04 1.884750e-04
1.944198e+01 1.867869e-04 1.870983e-04
1.948232e+01 1.854459e-04 1.857373e-04
1.952265e+01 1.841194e-04 1.843928e-04
1.956299e+01 1.828071e-04 1.830657e-04
1.960332e+01 1.815090e-04 1.817564e-04
1.964366e+01 1.802247e-04 1.804648e-04
1.968399e+01 1.789542e-04 1.791903e-04
1.972433e+01 1.776971e-04 1.779336e-04
1.976466e+01 1.764533e-04 1.766957e-04
1.980500e+01 1.752227e-04 1.754784e-04
1.984533e+01 1.740049e-04 1.742824e-04
1.988566e+01 1.728000e-04 1.731069e-04
1.992600e+01 1.716075e-04 1.719451e-04
1.996633e+01 1.704275e-04 1.707828e-04
2.000667e+01 1.692597e-04 1.696084e-04
2.004700e+01 1.681039e-04 1.684269e-04
2.008734e+01 1.669600e-04 1.672522e-04
2.012767e+01 1.658279e-04 1.660933e-04
2.016801e+01 1.647073e-04 1.649530e-04
2.020834e+01 1.635980e-04 1.638307e-04
2.024868e+01 1.625001e-04 1.627251e-04
2.028901e+01 1.614132e-04 1.616353e-04
2.032935e+01 1.603373e-04 1.605611e-04
2.036968e+01 1.592721e-04 1.595000e-04
2.041001e+01 1.582177e-04 1.584467e-04
2.045035e+01 1.571737e-04 1.573990e-04
2.049068e+01 1.561401e-04 1.563610e-04
2.053102e+01 1.551167e-04 1.553382e-04
2.057135e+01 1.541034e-04 1.543336e-04
2.061169e+01 1.531001e-04 1.533488e-04
2.065202e+01 1.521066e-04 1.523847e-04
2.069236e+01 1.511228e-04 1.514430e-04
2.073269e+01 1.501486e-04 1.505243e-04
2.077303e+01 1.491838e-04 1.496240e-04
2.081336e+01 1.482284e-04 1.487224e-04
2.085370e+01 1.472822e-04 1.477920e-04
2.089403e+01 1.463450e-04 1.468277e-04
2.093436e+01 1.454168e-04 1.458526e-04
2.097470e+01 1.444975e-04 1.448871e-04
2.101503e+01 1.435869e-04 1.439332e-04
2.105537e+01 1.426850e-04 1.429867e-04
2.109570e+01 1.417916e-04 1.420498e-04
2.113604e+01 1.409066e-04 1.411284e-04
2.117637e+01 1.400299e-04 1.402247e-04
2.121671e+01 1.391614e-04 1.393367e-04
2.125704e+01 1.383010e-04 1.384602e-04
2.129738e+01 1.374486e-04 1.375917e-04
2.133771e+01 1.366041e-04 1.367310e-04
2.137804e+01 1.357674e-04 1.358799e-04
2.141838e+01 1.349385e-04 1.350392e-04
2.145871e+01 1.341171e-04 1.342085e-04
2.149905e+01 1.333033e-04 1.333870e-04
2.153938e+01 1.324968e-04 1.325741e-04
2.157972e+01 1.316978e-04 1.317694e-04
2.162005e+01 1.309059e-04 1.309727e-04
2.166039e+01 1.301213e-04 1.301839e-04
2.170072e+01 1.293436e-04 1.294028e-04
2.174106e+01 1.285730e-04 1.286292e-04
2.178139e+01 1.278093e-04 1.278628e-04
2.182173e+01 1.270524e-04 1.271037e-04
2.186206e+01 1.263023e-04 1.263515e-04
2.190239e+01 1.255588e-04 1.256062e-04
2.194273e+01 1.248219e-04 1.248677e-04
2.198306e+01 1.240915e-04 1.241358e-04
2.202340e+01 1.233675e-04 1.234104e-04
2.206373e+01 1.226498e-04 1.226915e-04
2.210407e+01 1.219385e-04 1.219790e-04
2.214440e+01 1.212333e-04 1.212728e-04
2.218474e+01 1.205343e-04 1.205728e-04
2.222507e+01 1.198413e-04 1.198789e-04
2.226541e+01 1.191544e-04 1.191911e-04
2.230574e+01 1.184733e-04 1.185092e-04
2.234608e+01 1.177981e-04 1.178332e-04
2.238641e+01 1.171287e-04 1.171631e-04
2.242674e+01 1.164650e-04 1.164987e-04
2.246708e+01 1.158069e-04 1.158401e-04
2.250741e+01 1.151544e-04 1.151870e-04
2.254775e+01 1.145075e-04 1.145395e-04
2.258808e+01 1.138660e-04 1.138975e-04
2.262842e+01 1.132299e-04 1.132609e-04
2.266875e+01 1.125992e-04 1.126297e-04
2.270909e+01 1.119737e-04 1.120038e-04
2.274942e+01 1.113535e-04 1.113832e-04
2.278976e+01 1.107384e-04 1.107677e-04
2.283009e+01 1.101285e-04 1.101574e-04
2.287042e+01 1.095235e-04 1.095522e-04
2.291076e+01 1.089236e-04 1.089519e-04
2.295109e+01 1.083286e-04 1.083567e-04
2.299143e+01 1.077385e-04 1.077663e-04
2.303176e+01 1.071533e-04 1.071808e-04
2.307210e+01 1.065728e-04 1.066001e-04
2.311243e+01 1.059970e-04 1.060241e-04
2.315277e+01 1.054259e-04 1.054529e-04
2.319310e+01 1.048594e-04 1.048863e-04
2.323344e+01 1.042975e-04 1.043243e-04
2.327377e+01 1.037401e-04 1.037669e-04
2.331411e+01 1.031872e-04 1.032140e-04
2.335444e+01 1.026388e-04 1.026655e-04
2.339477e+01 1.020947e-04 1.021215e-04
2.343511e+01 1.015549e-04 1.015818e-04
2.347544e+01 1.010194e-04 1.010465e-04
2.351578e+01 1.004882e-04 1.005155e-04
2.355611e+01 9.996117e-05 9.998872e-05
2.359645e+01 9.943829e-05 9.946618e-05
2.363678e+01 9.891952e-05 9.894783e-05
2.367712e+01 9.840481e-05 9.843364e-05
2.371745e+01 9.789412e-05 9.792358e-05
2.375779e+01 9.738742e-05 9.741763e-05
2.379812e+01 9.688466e-05 9.691576e-05
2.383845e+01 9.638579e-05 9.641798e-05
2.387879e+01 9.589078e-05 9.592427e-05
2.391912e+01 9.539959e-05 9.543465e-05
2.395946e+01 9.491219e-05 9.494913e-05
2.399979e+01 9.442852e-05 9.446778e-05
2.404013e+01 9.394855e-05 9.399065e-05
2.408046e+01 9.347225e-05 9.351788e-05
2.412080e+01 9.299957e-05 9.304965e-05
2.416113e+01 9.253049e-05 9.258623e-05
2.420147e+01 9.206495e-05 9.212803e-05
2.424180e+01 9.160294e-05 9.167565e-05
2.428214e+01 9.114441e-05 9.122997e-05
2.432247e+01 9.068932e-05 9.079220e-05
2.436280e+01 9.023765e-05 9.036383e-05
2.440314e+01 8.978936e-05 8.994631e-05
2.444347e+01 8.934441e-05 8.953975e-05
2.448381e+01 8.890277e-05 8.913921e-05
2.452414e+01 8.846441e-05 8.873048e-05
2.456448e+01 8.802930e-05 8.829754e-05
2.460481e+01 8.759740e-05 8.784181e-05
2.464515e+01 8.716868e-05 8.738080e-05
2.468548e+01 8.674312e-05 8.692877e-05
2.472582e+01 8.632067e-05 8.649053e-05
2.476615e+01 8.590131e-05 8.606548e-05
2.480649e+01 8.548502e-05 8.565066e-05
2.484682e+01 8.507175e-05 8.524009e-05
2.488715e+01 8.466148e-05 8.482549e-05
2.492749e+01 8.425418e-05 8.440348e-05
2.496782e+01 8.384983e-05 8.397931e-05
2.500816e+01 8.344839e-05 8.355953e-05
2.504849e+01 8.304983e-05 8.314700e-05
2.508883e+01 8.265413e-05 8.274180e-05
2.512916e+01 8.226127e-05 8.234312e-05
2.516950e+01 8.187121e-05 8.194999e-05
2.520983e+01 8.148392e-05 8.156160e-05
2.525017e+01 8.109939e-05 8.117761e-05
2.529050e+01 8.071758e-05 8.079815e-05
2.533083e+01 8.033847e-05 8.042339e-05
2.537117e+01 7.996203e-05 8.005335e-05
2.541150e+01 7.958824e-05 7.968836e-05
2.545184e+01 7.921707e-05 7.932949e-05
2.549217e+01 7.884851e-05 7.897833e-05
2.553251e+01 7.848251e-05 7.863657e-05
2.557284e+01 7.811907e-05 7.830525e-05
2.561318e+01 7.775816e-05 7.798290e-05
2.565351e+01 7.739974e-05 7.766358e-05
2.569385e+01 7.704381e-05 7.733988e-05
2.573418e+01 7.669034e-05 7.700811e-05
2.577452e+01 7.633930e-05 7.666552e-05
2.581485e+01 7.599067e-05 7.631179e-05
2.585518e+01 7.564443e-05 7.595551e-05
2.589552e+01 7.530056e-05 7.560474e-05
2.593585e+01 7.495904e-05 7.525673e-05
2.597619e+01 7.461984e-05 7.490463e-05
2.601652e+01 7.428295e-05 7.454933e-05
2.605686e+01 7.394834e-05 7.419816e-05
2.609719e+01 7.361599e-05 7.385672e-05
2.613753e+01 7.328589e-05 7.352636e-05
2.617786e+01 7.295800e-05 7.320541e-05
2.621820e+01 7.263232e-05 7.288939e-05
2.625853e+01 7.230882e-05 7.257027e-05
2.629887e+01 7.198749e-05 7.224142e-05
2.633920e+01 7.166830e-05 7.190490e-05
2.637953e+01 7.135123e-05 7.156676e-05
2.641987e+01 7.103627e-05 7.123118e-05
2.646020e+01 7.072339e-05 7.090202e-05
2.650054e+01 7.041258e-05 7.058271e-05
2.654087e+01 7.010383e-05 7.027484e-05
2.658121e+01 6.979710e-05 6.997872e-05
2.662154e+01 6.949239e-05 6.969286e-05
2.666188e+01 6.918968e-05 6.941137e-05
2.670221e+01 6.888894e-05 6.912360e-05
2.674255e+01 6.859017e-05 6.882285e-05
2.678288e+01 6.829334e-05 6.851307e-05
2.682321e+01 6.799844e-05 6.820125e-05
2.686355e+01 6.770546e-05 6.789063e-05
2.690388e+01 6.741436e-05 6.758191e-05
2.694422e+01 6.712515e-05 6.727458e-05
2.698455e+01 6.683779e-05 6.696819e-05
2.702489e+01 6.655229e-05 6.666407e-05
2.706522e+01 6.626861e-05 6.636394e-05
2.710556e+01 6.598675e-05 6.606864e-05
2.714589e+01 6.570669e-05 6.577823e-05
2.718623e+01 6.542841e-05 6.549234e-05
2.722656e+01 6.515190e-05 6.521041e-05
2.726690e+01 6.487714e-05 6.493199e-05
2.730723e+01 6.460413e-05 6.465673e-05
2.734756e+01 6.433283e-05 6.438442e-05
2.738790e+01 6.406325e-05 6.411495e-05
2.742823e+01 6.379536e-05 6.384830e-05
2.746857e+01 6.352916e-05 6.358451e-05
2.750890e+01 6.326462e-05 6.332367e-05
2.754924e+01 6.300173e-05 6.306598e-05
2.758957e+01 6.274049e-05 6.281183e-05
2.762991e+01 6.248086e-05 6.256196e-05
2.767024e+01 6.222286e-05 6.231746e-05
2.771058e+01 6.196645e-05 6.207986e-05
2.775091e+01 6.171162e-05 6.185114e-05
2.779124e+01 6.145837e-05 6.163343e-05
2.783158e+01 6.120668e-05 6.142747e-05
2.787191e+01 6.095653e-05 6.122880e-05
2.791225e+01 6.070792e-05 6.102443e-05
2.795258e+01 6.046083e-05 6.079978e-05
2.799292e+01 6.021525e-05 6.055106e-05
2.803325e+01 5.997117e-05 6.028263e-05
2.807359e+01 5.972857e-05 6.000220e-05
2.811392e+01 5.948744e-05 5.971870e-05
2.815426e+01 5.924777e-05 5.943760e-05
2.819459e+01 5.900956e-05 5.916236e-05
2.823493e+01 5.877278e-05 5.889540e-05
2.827526e+01 5.853742e-05 5.863705e-05
2.831559e+01 5.830349e-05 5.838615e-05
2.835593e+01 5.807095e-05 5.814133e-05
2.839626e+01 5.783980e-05 5.790148e-05
2.843660e+01 5.761004e-05 5.766586e-05
2.847693e+01 5.738164e-05 5.743404e-05
2.851727e+01 5.715461e-05 5.720577e-05
2.855760e+01 5.692892e-05 5.698076e-05
2.859794e+01 5.670457e-05 5.675805e-05
2.863827e+01 5.648154e-05 5.653553e-05
2.867861e+01 5.625983e-05 5.631107e-05
2.871894e+01 5.603943e-05 5.608483e-05
2.875928e+01 5.582033e-05 5.585897e-05
2.879961e+01 5.560250e-05 5.563511e-05
2.883994e+01 5.538596e-05 5.541372e-05
2.888028e+01 5.517068e-05 5.519468e-05
2.892061e+01 5.495665e-05 5.497773e-05
2.896095e+01 5.474387e-05 5.476264e-05
2.900128e+01 5.453233e-05 5.454924e-05
2.904162e+01 5.432201e-05 5.433739e-05
2.908195e+01 5.411291e-05 5.412701e-05
2.912229e+01 5.390502e-05 5.391803e-05
2.916262e+01 5.369832e-05 5.371040e-05
2.920296e+01 5.349282e-05 5.350408e-05
2.924329e+01 5.328849e-05 5.329903e-05
2.928362e+01 5.308534e-05 5.309524e-05
2.932396e+01 5.288335e-05 5.289267e-05
2.936429e+01 5.268251e-05 5.269131e-05
2.940463e+01 5.248281e-05 5.249114e-05
2.944496e+01 5.228426e-05 5.229215e-05
2.948530e+01 5.208682e-05 5.209433e-05
2.952563e+01 5.189051e-05 5.189765e-05
2.956597e+01 5.169531e-05 5.170211e-05
2.960630e+01 5.150121e-05 5.150769e-05
2.964664e+01 5.130820e-05 5.131439e-05
2.968697e+01 5.111628e-05 5.112219e-05
2.972731e+01 5.092543e-05 5.093109e-05
2.976764e+01 5.073565e-05 5.074107e-05
2.980797e+01 5.054694e-05 5.055213e-05
2.984831e+01 5.035927e-05 5.036425e-05
