w A0 A1 A2 A3 A4 A5 A6 A7
-0.2000 0.01744 1.07174 2.12935 3.18968 4.24512 5.28264 6.32141 7.36776
-0.1984 0.01757 1.07191 2.12962 3.19012 4.24567 5.28303 6.32164 7.36793
-0.1968 0.01769 1.07209 2.12990 3.19055 4.24623 5.28342 6.32186 7.36811
-0.1952 0.01782 1.07226 2.13017 3.19100 4.24680 5.28382 6.32209 7.36829
-0.1936 0.01794 1.07244 2.13046 3.19145 4.24738 5.28422 6.32233 7.36847
-0.1920 0.01807 1.07262 2.13074 3.19191 4.24797 5.28464 6.32257 7.36865
-0.1904 0.01820 1.07280 2.13103 3.19238 4.24857 5.28506 6.32281 7.36884
-0.1888 0.01833 1.07298 2.13132 3.19286 4.24919 5.28549 6.32306 7.36903
-0.1872 0.01846 1.07317 2.13162 3.19334 4.24981 5.28592 6.32331 7.36922
-0.1856 0.01860 1.07336 2.13192 3.19383 4.25045 5.28637 6.32356 7.36941
-0.1840 0.01873 1.07355 2.13223 3.19433 4.25110 5.28682 6.32382 7.36961
-0.1824 0.01887 1.07374 2.13254 3.19484 4.25176 5.28728 6.32408 7.36981
-0.1808 0.01900 1.07393 2.13286 3.19536 4.25243 5.28775 6.32435 7.37002
-0.1792 0.01914 1.07413 2.13317 3.19589 4.25312 5.28823 6.32462 7.37022
-0.1776 0.01928 1.07433 2.13350 3.19642 4.25382 5.28871 6.32490 7.37043
-0.1760 0.01943 1.07453 2.13383 3.19697 4.25453 5.28921 6.32518 7.37065
-0.1744 0.01957 1.07474 2.13416 3.19752 4.25526 5.28971 6.32546 7.37086
-0.1728 0.01972 1.07495 2.13450 3.19808 4.25600 5.29023 6.32575 7.37109
-0.1712 0.01986 1.07516 2.13484 3.19866 4.25676 5.29076 6.32605 7.37131
-0.1696 0.02001 1.07537 2.13519 3.19924 4.25753 5.29129 6.32635 7.37154
-0.1680 0.02016 1.07558 2.13555 3.19983 4.25832 5.29184 6.32665 7.37177
-0.1664 0.02031 1.07580 2.13591 3.20044 4.25912 5.29239 6.32696 7.37200
-0.1648 0.02047 1.07602 2.13627 3.20105 4.25994 5.29296 6.32728 7.37224
-0.1632 0.02062 1.07625 2.13664 3.20168 4.26078 5.29354 6.32760 7.37248
-0.1616 0.02078 1.07647 2.13702 3.20232 4.26163 5.29413 6.32793 7.37273
-0.1600 0.02094 1.07670 2.13740 3.20297 4.26250 5.29473 6.32826 7.37298
-0.1584 0.02110 1.07693 2.13779 3.20363 4.26339 5.29535 6.32860 7.37323
-0.1568 0.02126 1.07717 2.13818 3.20430 4.26430 5.29597 6.32895 7.37349
-0.1552 0.02143 1.07741 2.13858 3.20499 4.26523 5.29661 6.32930 7.37376
-0.1536 0.02160 1.07765 2.13898 3.20569 4.26617 5.29727 6.32966 7.37402
-0.1520 0.02176 1.07790 2.13940 3.20640 4.26714 5.29793 6.33002 7.37430
-0.1504 0.02193 1.07814 2.13981 3.20713 4.26813 5.29861 6.33039 7.37457
-0.1487 0.02211 1.07839 2.14024 3.20787 4.26913 5.29931 6.33077 7.37485
-0.1471 0.02228 1.07865 2.14067 3.20862 4.27017 5.30002 6.33115 7.37514
-0.1455 0.02246 1.07891 2.14111 3.20939 4.27122 5.30074 6.33155 7.37543
-0.1439 0.02264 1.07917 2.14156 3.21017 4.27229 5.30148 6.33194 7.37573
-0.1423 0.02282 1.07943 2.14201 3.21097 4.27339 5.30223 6.33235 7.37603
-0.1407 0.02300 1.07970 2.14247 3.21178 4.27452 5.30301 6.33277 7.37633
-0.1391 0.02319 1.07997 2.14294 3.21261 4.27567 5.30379 6.33319 7.37665
-0.1375 0.02337 1.08025 2.14341 3.21346 4.27684 5.30460 6.33362 7.37696
-0.1359 0.02356 1.08053 2.14389 3.21432 4.27805 5.30542 6.33406 7.37729
-0.1343 0.02376 1.08081 2.14439 3.21520 4.27928 5.30626 6.33450 7.37761
-0.1327 0.02395 1.08110 2.14488 3.21610 4.28053 5.30713 6.33496 7.37795
-0.1311 0.02415 1.08139 2.14539 3.21702 4.28182 5.30800 6.33543 7.37829
-0.1295 0.02435 1.08169 2.14591 3.21795 4.28314 5.30890 6.33590 7.37864
-0.1279 0.02455 1.08199 2.14643 3.21891 4.28448 5.30982 6.33638 7.37899
-0.1263 0.02475 1.08229 2.14697 3.21988 4.28586 5.31077 6.33688 7.37935
-0.1247 0.02496 1.08260 2.14751 3.22087 4.28728 5.31173 6.33738 7.37971
-0.1231 0.02517 1.08291 2.14806 3.22189 4.28872 5.31271 6.33789 7.38009
-0.1215 0.02538 1.08323 2.14862 3.22293 4.29020 5.31372 6.33842 7.38047
-0.1199 0.02559 1.08355 2.14920 3.22398 4.29172 5.31475 6.33895 7.38085
-0.1183 0.02581 1.08388 2.14978 3.22506 4.29327 5.31581 6.33950 7.38125
-0.1167 0.02603 1.08421 2.15037 3.22617 4.29487 5.31689 6.34005 7.38165
-0.1151 0.02625 1.08455 2.15097 3.22729 4.29650 5.31800 6.34062 7.38206
-0.1135 0.02648 1.08489 2.15158 3.22845 4.29817 5.31913 6.34120 7.38248
-0.1119 0.02671 1.08523 2.15221 3.22962 4.29988 5.32029 6.34180 7.38290
-0.1103 0.02694 1.08559 2.15284 3.23083 4.30164 5.32148 6.34240 7.38333
-0.1087 0.02717 1.08594 2.15349 3.23206 4.30344 5.32270 6.34302 7.38378
-0.1071 0.02741 1.08630 2.15414 3.23331 4.30529 5.32395 6.34365 7.38423
-0.1055 0.02765 1.08667 2.15481 3.23460 4.30718 5.32523 6.34430 7.38469
-0.1039 0.02789 1.08704 2.15550 3.23591 4.30913 5.32655 6.34495 7.38516
-0.1023 0.02814 1.08742 2.15619 3.23726 4.31112 5.32789 6.34563 7.38563
-0.1007 0.02839 1.08780 2.15690 3.23863 4.31317 5.32927 6.34632 7.38612
-0.0991 0.02864 1.08819 2.15762 3.24004 4.31527 5.33069 6.34702 7.38662
-0.0975 0.02890 1.08859 2.15835 3.24147 4.31742 5.33214 6.34774 7.38713
-0.0959 0.02916 1.08899 2.15910 3.24295 4.31964 5.33363 6.34848 7.38764
-0.0943 0.02942 1.08940 2.15986 3.24445 4.32191 5.33516 6.34923 7.38817
-0.0927 0.02969 1.08981 2.16064 3.24599 4.32425 5.33673 6.35000 7.38871
-0.0911 0.02996 1.09023 2.16143 3.24757 4.32665 5.33834 6.35079 7.38926
-0.0895 0.03024 1.09066 2.16224 3.24919 4.32911 5.33999 6.35159 7.38983
-0.0879 0.03052 1.09110 2.16306 3.25084 4.33164 5.34169 6.35242 7.39040
-0.0863 0.03080 1.09154 2.16390 3.25254 4.33425 5.34343 6.35326 7.39099
-0.0847 0.03108 1.09199 2.16475 3.25427 4.33692 5.34522 6.35413 7.39159
-0.0831 0.03137 1.09244 2.16562 3.25605 4.33968 5.34706 6.35501 7.39220
-0.0815 0.03167 1.09290 2.16651 3.25787 4.34251 5.34895 6.35592 7.39282
-0.0799 0.03197 1.09337 2.16742 3.25974 4.34542 5.35090 6.35684 7.39346
-0.0783 0.03227 1.09385 2.16834 3.26166 4.34841 5.35289 6.35779 7.39412
-0.0767 0.03257 1.09434 2.16928 3.26362 4.35149 5.35495 6.35877 7.39478
-0.0751 0.03288 1.09483 2.17025 3.26563 4.35466 5.35706 6.35976 7.39547
-0.0735 0.03320 1.09533 2.17123 3.26770 4.35792 5.35923 6.36079 7.39616
-0.0719 0.03352 1.09584 2.17223 3.26981 4.36128 5.36147 6.36183 7.39688
-0.0703 0.03384 1.09636 2.17325 3.27198 4.36474 5.36376 6.36291 7.39761
-0.0687 0.03417 1.09689 2.17430 3.27421 4.36830 5.36613 6.36401 7.39835
-0.0671 0.03451 1.09742 2.17536 3.27650 4.37197 5.36856 6.36513 7.39912
-0.0655 0.03485 1.09797 2.17645 3.27884 4.37575 5.37107 6.36629 7.39990
-0.0639 0.03519 1.09852 2.17756 3.28125 4.37964 5.37365 6.36748 7.40070
-0.0623 0.03554 1.09909 2.17870 3.28373 4.38365 5.37630 6.36870 7.40151
-0.0607 0.03589 1.09966 2.17986 3.28627 4.38778 5.37904 6.36995 7.40235
-0.0591 0.03625 1.10024 2.18104 3.28887 4.39204 5.38185 6.37123 7.40321
-0.0575 0.03662 1.10084 2.18225 3.29155 4.39644 5.38476 6.37254 7.40408
-0.0559 0.03699 1.10144 2.18349 3.29431 4.40096 5.38774 6.37389 7.40498
-0.0543 0.03736 1.10206 2.18475 3.29714 4.40563 5.39083 6.37528 7.40590
-0.0527 0.03774 1.10268 2.18605 3.30004 4.41045 5.39400 6.37671 7.40685
-0.0511 0.03813 1.10332 2.18737 3.30303 4.41541 5.39727 6.37817 7.40781
-0.0494 0.03852 1.10397 2.18872 3.30611 4.42054 5.40065 6.37967 7.40880
-0.0478 0.03892 1.10463 2.19010 3.30927 4.42582 5.40413 6.38122 7.40982
-0.0462 0.03933 1.10530 2.19151 3.31252 4.43127 5.40772 6.38281 7.41086
-0.0446 0.03974 1.10598 2.19296 3.31586 4.43690 5.41142 6.38444 7.41192
-0.0430 0.04015 1.10668 2.19443 3.31930 4.44270 5.41523 6.38612 7.41301
-0.0414 0.04058 1.10739 2.19594 3.32284 4.44869 5.41917 6.38784 7.41414
-0.0398 0.04101 1.10811 2.19749 3.32648 4.45487 5.42323 6.38962 7.41529
-0.0382 0.04145 1.10885 2.19908 3.33023 4.46125 5.42742 6.39144 7.41646
-0.0366 0.04189 1.10960 2.20070 3.33409 4.46783 5.43174 6.39332 7.41767
-0.0350 0.04234 1.11036 2.20236 3.33807 4.47463 5.43621 6.39525 7.41892
-0.0334 0.04280 1.11114 2.20405 3.34216 4.48164 5.44081 6.39724 7.42019
-0.0318 0.04327 1.11193 2.20579 3.34638 4.48887 5.44556 6.39929 7.42150
-0.0302 0.04374 1.11274 2.20758 3.35073 4.49633 5.45046 6.40139 7.42284
-0.0286 0.04422 1.11357 2.20940 3.35520 4.50404 5.45552 6.40356 7.42422
-0.0270 0.04471 1.11441 2.21127 3.35982 4.51198 5.46074 6.40579 7.42564
-0.0254 0.04521 1.11526 2.21319 3.36457 4.52017 5.46612 6.40810 7.42710
-0.0238 0.04572 1.11614 2.21515 3.36948 4.52862 5.47168 6.41047 7.42859
-0.0222 0.04623 1.11703 2.21717 3.37453 4.53734 5.47741 6.41291 7.43013
-0.0206 0.04675 1.11793 2.21923 3.37974 4.54632 5.48332 6.41542 7.43171
-0.0190 0.04728 1.11886 2.22135 3.38512 4.55557 5.48942 6.41802 7.43334
-0.0174 0.04782 1.11980 2.22352 3.39066 4.56510 5.49571 6.42069 7.43501
-0.0158 0.04837 1.12077 2.22575 3.39638 4.57492 5.50220 6.42345 7.43672
-0.0142 0.04893 1.12175 2.22803 3.40227 4.58502 5.50888 6.42629 7.43849
-0.0126 0.04950 1.12275 2.23037 3.40836 4.59541 5.51576 6.42922 7.44031
-0.0110 0.05008 1.12378 2.23278 3.41464 4.60610 5.52286 6.43224 7.44218
-0.0094 0.05067 1.12482 2.23525 3.42111 4.61708 5.53016 6.43535 7.44410
-0.0078 0.05126 1.12589 2.23778 3.42780 4.62835 5.53767 6.43857 7.44608
-0.0062 0.05187 1.12698 2.24039 3.43470 4.63992 5.54540 6.44188 7.44812
-0.0046 0.05249 1.12809 2.24306 3.44182 4.65177 5.55335 6.44530 7.45022
-0.0030 0.05312 1.12923 2.24580 3.44916 4.66391 5.56152 6.44883 7.45238
-0.0014 0.05376 1.13039 2.24862 3.45675 4.67633 5.56990 6.45247 7.45461
0.0002 0.05442 1.13157 2.25152 3.46457 4.68903 5.57850 6.45623 7.45691
0.0018 0.05508 1.13278 2.25450 3.47264 4.70198 5.58731 6.46010 7.45927
0.0034 0.05576 1.13402 2.25756 3.48097 4.71518 5.59634 6.46410 7.46170
0.0050 0.05645 1.13528 2.26071 3.48957 4.72861 5.60557 6.46823 7.46421
0.0066 0.05715 1.13657 2.26394 3.49844 4.74225 5.61501 6.47249 7.46680
0.0082 0.05787 1.13789 2.26727 3.50758 4.75608 5.62463 6.47688 7.46947
0.0098 0.05859 1.13924 2.27069 3.51702 4.77008 5.63444 6.48141 7.47222
0.0114 0.05933 1.14062 2.27421 3.52674 4.78421 5.64442 6.48608 7.47505
0.0130 0.06009 1.14203 2.27783 3.53677 4.79844 5.65456 6.49090 7.47797
0.0146 0.06086 1.14347 2.28156 3.54710 4.81273 5.66484 6.49587 7.48099
0.0162 0.06164 1.14495 2.28540 3.55775 4.82704 5.67523 6.50100 7.48410
0.0178 0.06244 1.14646 2.28934 3.56871 4.84133 5.68573 6.50628 7.48731
0.0194 0.06326 1.14800 2.29341 3.57999 4.85554 5.69629 6.51172 7.49061
0.0210 0.06409 1.14958 2.29760 3.59160 4.86963 5.70691 6.51733 7.49403
0.0226 0.06493 1.15120 2.30191 3.60354 4.88352 5.71753 6.52310 7.49755
0.0242 0.06580 1.15286 2.30635 3.61581 4.89717 5.72814 6.52904 7.50119
0.0258 0.06667 1.15455 2.31093 3.62841 4.91050 5.73869 6.53516 7.50494
0.0274 0.06757 1.15629 2.31565 3.64133 4.92345 5.74914 6.54144 7.50880
0.0290 0.06849 1.15807 2.32051 3.65459 4.93594 5.75945 6.54790 7.51280
0.0306 0.06942 1.15989 2.32552 3.66817 4.94790 5.76957 6.55453 7.51692
0.0322 0.07037 1.16175 2.33068 3.68206 4.95927 5.77946 6.56134 7.52117
0.0338 0.07134 1.16366 2.33601 3.69626 4.96996 5.78906 6.56832 7.52555
0.0354 0.07233 1.16562 2.34150 3.71076 4.97991 5.79833 6.57547 7.53007
0.0370 0.07334 1.16763 2.34716 3.72554 4.98904 5.80720 6.58278 7.53474
0.0386 0.07437 1.16969 2.35300 3.74058 4.99730 5.81562 6.59026 7.53955
0.0402 0.07542 1.17180 2.35902 3.75587 5.00461 5.82355 6.59790 7.54451
0.0418 0.07650 1.17396 2.36524 3.77137 5.01091 5.83092 6.60568 7.54962
0.0434 0.07760 1.17618 2.37165 3.78707 5.01617 5.83769 6.61361 7.55489
0.0450 0.07872 1.17845 2.37827 3.80292 5.02034 5.84380 6.62166 7.56032
0.0466 0.07986 1.18079 2.38509 3.81890 5.02338 5.84922 6.62983 7.56591
0.0482 0.08103 1.18318 2.39214 3.83496 5.02526 5.85389 6.63811 7.57166
0.0498 0.08222 1.18564 2.39941 3.85105 5.02598 5.85779 6.64647 7.57758
0.0515 0.08344 1.18816 2.40691 3.86713 5.02552 5.86088 6.65490 7.58367
0.0531 0.08468 1.19075 2.41465 3.88314 5.02389 5.86314 6.66337 7.58993
0.0547 0.08596 1.19341 2.42264 3.89901 5.02110 5.86455 6.67187 7.59636
0.0563 0.08726 1.19614 2.43089 3.91469 5.01717 5.86509 6.68037 7.60296
0.0579 0.08859 1.19895 2.43939 3.93011 5.01215 5.86477 6.68883 7.60973
0.0595 0.08994 1.20183 2.44817 3.94519 5.00607 5.86358 6.69723 7.61666
0.0611 0.09133 1.20479 2.45723 3.95985 4.99897 5.86155 6.70553 7.62376
0.0627 0.09275 1.20783 2.46657 3.97402 4.99093 5.85868 6.71370 7.63102
0.0643 0.09421 1.21096 2.47621 3.98762 4.98198 5.85500 6.72170 7.63844
0.0659 0.09569 1.21417 2.48615 4.00056 4.97221 5.85054 6.72949 7.64600
0.0675 0.09721 1.21748 2.49640 4.01277 4.96168 5.84534 6.73703 7.65371
0.0691 0.09877 1.22088 2.50696 4.02415 4.95046 5.83944 6.74428 7.66154
0.0707 0.10036 1.22437 2.51784 4.03464 4.93863 5.83289 6.75119 7.66950
0.0723 0.10199 1.22797 2.52906 4.04415 4.92625 5.82573 6.75772 7.67756
0.0739 0.10366 1.23167 2.54060 4.05262 4.91341 5.81802 6.76384 7.68571
0.0755 0.10536 1.23548 2.55248 4.05998 4.90017 5.80981 6.76949 7.69393
0.0771 0.10711 1.23940 2.56470 4.06617 4.88660 5.80115 6.77464 7.70221
0.0787 0.10890 1.24343 2.57727 4.07114 4.87276 5.79210 6.77925 7.71051
0.0803 0.11073 1.24759 2.59018 4.07485 4.85873 5.78271 6.78330 7.71882
0.0819 0.11261 1.25187 2.60344 4.07726 4.84455 5.77303 6.78673 7.72711
0.0835 0.11453 1.25628 2.61704 4.07837 4.83029 5.76312 6.78954 7.73535
0.0851 0.11650 1.26081 2.63098 4.07815 4.81600 5.75302 6.79170 7.74351
0.0867 0.11852 1.26549 2.64525 4.07662 4.80171 5.74278 6.79319 7.75155
0.0883 0.12060 1.27031 2.65985 4.07377 4.78748 5.73245 6.79400 7.75943
0.0899 0.12272 1.27528 2.67478 4.06965 4.77335 5.72206 6.79413 7.76712
0.0915 0.12490 1.28040 2.69000 4.06427 4.75934 5.71165 6.79358 7.77459
0.0931 0.12713 1.28567 2.70552 4.05770 4.74549 5.70125 6.79235 7.78178
0.0947 0.12942 1.29112 2.72130 4.04997 4.73182 5.69091 6.79046 7.78865
0.0963 0.13177 1.29673 2.73733 4.04115 4.71837 5.68064 6.78792 7.79518
0.0979 0.13418 1.30251 2.75359 4.03131 4.70514 5.67047 6.78476 7.80131
0.0995 0.13665 1.30848 2.77003 4.02052 4.69215 5.66042 6.78100 7.80700
0.1011 0.13919 1.31464 2.78663 4.00886 4.67942 5.65052 6.77667 7.81221
0.1027 0.14179 1.32099 2.80335 3.99640 4.66697 5.64078 6.77182 7.81691
0.1043 0.14447 1.32754 2.82013 3.98324 4.65479 5.63121 6.76648 7.82107
0.1059 0.14722 1.33430 2.83694 3.96944 4.64289 5.62183 6.76069 7.82464
0.1075 0.15004 1.34128 2.85371 3.95510 4.63129 5.61265 6.75449 7.82761
0.1091 0.15294 1.34847 2.87040 3.94029 4.61997 5.60368 6.74792 7.82996
0.1107 0.15592 1.35590 2.88692 3.92510 4.60895 5.59491 6.74103 7.83166
0.1123 0.15898 1.36357 2.90323 3.90959 4.59823 5.58637 6.73386 7.83270
0.1139 0.16213 1.37148 2.91923 3.89384 4.58780 5.57804 6.72645 7.83307
0.1155 0.16536 1.37964 2.93486 3.87792 4.57766 5.56994 6.71885 7.83278
0.1171 0.16869 1.38807 2.95003 3.86188 4.56781 5.56207 6.71109 7.83183
0.1187 0.17211 1.39676 2.96467 3.84579 4.55824 5.55441 6.70321 7.83023
0.1203 0.17563 1.40574 2.97868 3.82971 4.54895 5.54699 6.69524 7.82799
0.1219 0.17924 1.41499 2.99198 3.81367 4.53994 5.53978 6.68722 7.82514
0.1235 0.18297 1.42454 3.00449 3.79773 4.53120 5.53280 6.67919 7.82170
0.1251 0.18680 1.43439 3.01612 3.78192 4.52272 5.52603 6.67116 7.81770
0.1267 0.19074 1.44454 3.02679 3.76629 4.51450 5.51947 6.66317 7.81318
0.1283 0.19480 1.45501 3.03641 3.75085 4.50653 5.51313 6.65524 7.80817
0.1299 0.19898 1.46581 3.04493 3.73564 4.49880 5.50700 6.64738 7.80270
0.1315 0.20328 1.47693 3.05227 3.72068 4.49132 5.50106 6.63962 7.79683
0.1331 0.20772 1.48838 3.05837 3.70600 4.48407 5.49532 6.63198 7.79059
0.1347 0.21228 1.50018 3.06318 3.69160 4.47704 5.48978 6.62447 7.78402
0.1363 0.21699 1.51232 3.06667 3.67749 4.47023 5.48442 6.61710 7.77717
0.1379 0.22183 1.52481 3.06880 3.66370 4.46364 5.47925 6.60987 7.77008
0.1395 0.22683 1.53765 3.06955 3.65023 4.45725 5.47425 6.60281 7.76279
0.1411 0.23198 1.55084 3.06893 3.63709 4.45106 5.46943 6.59592 7.75533
0.1427 0.23729 1.56438 3.06693 3.62427 4.44506 5.46477 6.58920 7.74775
0.1443 0.24276 1.57828 3.06357 3.61178 4.43925 5.46028 6.58266 7.74008
0.1459 0.24840 1.59252 3.05888 3.59962 4.43362 5.45594 6.57630 7.73235
0.1475 0.25422 1.60711 3.05290 3.58779 4.42817 5.45175 6.57012 7.72460
0.1491 0.26022 1.62203 3.04568 3.57629 4.42289 5.44771 6.56412 7.71685
0.1508 0.26641 1.63727 3.03727 3.56511 4.41777 5.44381 6.55831 7.70913
0.1524 0.27280 1.65282 3.02775 3.55426 4.41281 5.44004 6.55268 7.70146
0.1540 0.27939 1.66867 3.01718 3.54372 4.40800 5.43640 6.54723 7.69387
0.1556 0.28619 1.68480 3.00564 3.53348 4.40334 5.43288 6.54196 7.68638
0.1572 0.29320 1.70118 2.99321 3.52356 4.39882 5.42948 6.53687 7.67899
0.1588 0.30044 1.71778 2.97998 3.51393 4.39445 5.42619 6.53195 7.67173
0.1604 0.30791 1.73457 2.96603 3.50459 4.39020 5.42301 6.52720 7.66461
0.1620 0.31562 1.75153 2.95145 3.49554 4.38609 5.41993 6.52262 7.65764
0.1636 0.32358 1.76860 2.93632 3.48676 4.38210 5.41695 6.51821 7.65083
0.1652 0.33179 1.78574 2.92073 3.47825 4.37823 5.41406 6.51395 7.64419
0.1668 0.34026 1.80290 2.90476 3.47001 4.37447 5.41125 6.50985 7.63772
0.1684 0.34900 1.82003 2.88849 3.46202 4.37083 5.40852 6.50590 7.63142
0.1700 0.35803 1.83706 2.87198 3.45428 4.36730 5.40587 6.50209 7.62531
0.1716 0.36733 1.85393 2.85531 3.44677 4.36387 5.40329 6.49843 7.61938
0.1732 0.37694 1.87058 2.83854 3.43950 4.36055 5.40078 6.49490 7.61364
0.1748 0.38684 1.88691 2.82173 3.43246 4.35732 5.39833 6.49151 7.60808
0.1764 0.39705 1.90286 2.80494 3.42563 4.35419 5.39593 6.48825 7.60270
0.1780 0.40759 1.91834 2.78822 3.41902 4.35115 5.39359 6.48510 7.59751
0.1796 0.41844 1.93328 2.77161 3.41261 4.34820 5.39130 6.48208 7.59250
0.1812 0.42963 1.94757 2.75515 3.40639 4.34533 5.38906 6.47917 7.58767
0.1828 0.44115 1.96114 2.73887 3.40037 4.34255 5.38686 6.47638 7.58302
0.1844 0.45302 1.97389 2.72282 3.39454 4.33984 5.38470 6.47369 7.57854
0.1860 0.46523 1.98574 2.70701 3.38888 4.33722 5.38258 6.47110 7.57423
0.1876 0.47779 1.99661 2.69147 3.38339 4.33467 5.38049 6.46861 7.57009
0.1892 0.49071 2.00642 2.67621 3.37807 4.33220 5.37844 6.46622 7.56611
0.1908 0.50399 2.01509 2.66126 3.37291 4.32979 5.37642 6.46393 7.56228
0.1924 0.51762 2.02255 2.64663 3.36791 4.32745 5.37444 6.46172 7.55861
0.1940 0.53160 2.02875 2.63232 3.36306 4.32518 5.37248 6.45961 7.55508
0.1956 0.54594 2.03363 2.61835 3.35835 4.32298 5.37056 6.45757 7.55169
0.1972 0.56062 2.03716 2.60472 3.35378 4.32083 5.36866 6.45562 7.54844
0.1988 0.57565 2.03931 2.59143 3.34935 4.31875 5.36680 6.45375 7.54532
0.2004 0.59100 2.04005 2.57849 3.34505 4.31672 5.36496 6.45196 7.54231
0.2020 0.60667 2.03938 2.56589 3.34087 4.31475 5.36316 6.45024 7.53943
0.2036 0.62264 2.03730 2.55363 3.33682 4.31284 5.36138 6.44859 7.53665
0.2052 0.63889 2.03384 2.54172 3.33288 4.31098 5.35964 6.44701 7.53398
0.2068 0.65539 2.02903 2.53014 3.32906 4.30917 5.35792 6.44550 7.53141
0.2084 0.67213 2.02289 2.51890 3.32535 4.30741 5.35624 6.44406 7.52892
0.2100 0.68907 2.01549 2.50799 3.32174 4.30569 5.35460 6.44268 7.52652
0.2116 0.70618 2.00688 2.49739 3.31823 4.30403 5.35298 6.44136 7.52419
0.2132 0.72340 1.99713 2.48712 3.31483 4.30241 5.35140 6.44009 7.52194
0.2148 0.74071 1.98631 2.47715 3.31152 4.30083 5.34985 6.43888 7.51975
0.2164 0.75805 1.97450 2.46748 3.30830 4.29930 5.34834 6.43772 7.51761
0.2180 0.77536 1.96179 2.45811 3.30517 4.29780 5.34686 6.43661 7.51552
0.2196 0.79258 1.94827 2.44903 3.30213 4.29635 5.34541 6.43554 7.51348
0.2212 0.80965 1.93401 2.44022 3.29916 4.29493 5.34401 6.43451 7.51147
0.2228 0.82649 1.91911 2.43169 3.29628 4.29355 5.34263 6.43352 7.50950
0.2244 0.84304 1.90365 2.42342 3.29348 4.29221 5.34130 6.43256 7.50755
0.2260 0.85921 1.88772 2.41541 3.29076 4.29090 5.34000 6.43163 7.50563
0.2276 0.87492 1.87140 2.40764 3.28810 4.28962 5.33873 6.43073 7.50372
0.2292 0.89009 1.85477 2.40012 3.28552 4.28837 5.33750 6.42985 7.50182
0.2308 0.90462 1.83791 2.39282 3.28300 4.28715 5.33631 6.42898 7.49993
0.2324 0.91843 1.82089 2.38576 3.28055 4.28596 5.33515 6.42812 7.49804
0.2340 0.93143 1.80376 2.37891 3.27816 4.28480 5.33403 6.42728 7.49616
0.2356 0.94354 1.78660 2.37228 3.27584 4.28367 5.33294 6.42644 7.49428
0.2372 0.95466 1.76945 2.36585 3.27357 4.28255 5.33189 6.42560 7.49239
0.2388 0.96472 1.75238 2.35961 3.27137 4.28146 5.33087 6.42476 7.49050
0.2404 0.97365 1.73542 2.35357 3.26922 4.28040 5.32988 6.42391 7.48860
0.2420 0.98136 1.71862 2.34771 3.26712 4.27935 5.32893 6.42306 7.48670
0.2436 0.98781 1.70200 2.34203 3.26507 4.27832 5.32801 6.42219 7.48479
0.2452 0.99293 1.68561 2.33653 3.26308 4.27731 5.32712 6.42131 7.48287
0.2468 0.99669 1.66948 2.33119 3.26113 4.27632 5.32626 6.42042 7.48095
0.2484 0.99905 1.65361 2.32601 3.25924 4.27534 5.32543 6.41951 7.47902
0.2501 1.00000 1.63804 2.32098 3.25739 4.27437 5.32463 6.41857 7.47709
0.2517 0.99952 1.62278 2.31611 3.25558 4.27343 5.32386 6.41762 7.47516
0.2533 0.99763 1.60785 2.31138 3.25382 4.27249 5.32312 6.41665 7.47323
0.2549 0.99433 1.59324 2.30679 3.25210 4.27157 5.32240 6.41566 7.47130
0.2565 0.98965 1.57898 2.30233 3.25042 4.27065 5.32171 6.41465 7.46937
0.2581 0.98364 1.56507 2.29801 3.24878 4.26975 5.32105 6.41361 7.46745
0.2597 0.97634 1.55151 2.29381 3.24718 4.26886 5.32041 6.41256 7.46554
0.2613 0.96781 1.53830 2.28973 3.24561 4.26798 5.31979 6.41148 7.46363
0.2629 0.95812 1.52544 2.28577 3.24409 4.26710 5.31919 6.41039 7.46174
0.2645 0.94734 1.51294 2.28193 3.24259 4.26624 5.31862 6.40927 7.45987
0.2661 0.93555 1.50078 2.27819 3.24114 4.26538 5.31806 6.40814 7.45801
0.2677 0.92283 1.48897 2.27456 3.23971 4.26454 5.31752 6.40700 7.45616
0.2693 0.90928 1.47749 2.27103 3.23832 4.26370 5.31700 6.40584 7.45434
0.2709 0.89498 1.46636 2.26760 3.23696 4.26287 5.31650 6.40466 7.45255
0.2725 0.88001 1.45555 2.26426 3.23563 4.26205 5.31601 6.40348 7.45077
0.2741 0.86447 1.44506 2.26102 3.23433 4.26124 5.31553 6.40229 7.44903
0.2757 0.84844 1.43489 2.25786 3.23305 4.26044 5.31507 6.40109 7.44731
0.2773 0.83201 1.42503 2.25479 3.23181 4.25964 5.31461 6.39989 7.44562
0.2789 0.81526 1.41546 2.25181 3.23059 4.25886 5.31417 6.39868 7.44396
0.2805 0.79825 1.40619 2.24890 3.22940 4.25809 5.31373 6.39748 7.44233
0.2821 0.78108 1.39721 2.24608 3.22823 4.25732 5.31330 6.39627 7.44074
0.2837 0.76379 1.38850 2.24333 3.22709 4.25657 5.31287 6.39507 7.43917
0.2853 0.74645 1.38006 2.24065 3.22598 4.25582 5.31245 6.39388 7.43764
0.2869 0.72913 1.37188 2.23804 3.22488 4.25509 5.31203 6.39269 7.43615
0.2885 0.71187 1.36396 2.23550 3.22381 4.25436 5.31162 6.39151 7.43468
0.2901 0.69472 1.35628 2.23302 3.22277 4.25365 5.31120 6.39034 7.43325
0.2917 0.67772 1.34884 2.23061 3.22174 4.25295 5.31079 6.38918 7.43186
0.2933 0.66092 1.34163 2.22826 3.22074 4.25226 5.31038 6.38803 7.43050
0.2949 0.64433 1.33464 2.22597 3.21975 4.25157 5.30997 6.38690 7.42917
0.2965 0.62799 1.32787 2.22374 3.21879 4.25090 5.30955 6.38579 7.42787
0.2981 0.61193 1.32131 2.22156 3.21785 4.25025 5.30914 6.38469 7.42660
0.2997 0.59616 1.31495 2.21944 3.21692 4.24960 5.30872 6.38361 7.42537
0.3013 0.58070 1.30879 2.21737 3.21602 4.24896 5.30830 6.38255 7.42416
0.3029 0.56557 1.30281 2.21535 3.21513 4.24833 5.30788 6.38150 7.42299
0.3045 0.55077 1.29701 2.21338 3.21426 4.24772 5.30746 6.38048 7.42184
0.3061 0.53632 1.29139 2.21146 3.21341 4.24712 5.30703 6.37947 7.42072
0.3077 0.52221 1.28594 2.20959 3.21257 4.24652 5.30660 6.37849 7.41963
0.3093 0.50847 1.28066 2.20776 3.21175 4.24594 5.30618 6.37752 7.41856
0.3109 0.49507 1.27553 2.20597 3.21095 4.24537 5.30575 6.37657 7.41752
0.3125 0.48204 1.27056 2.20423 3.21016 4.24480 5.30531 6.37565 7.41650
0.3141 0.46935 1.26573 2.20253 3.20939 4.24425 5.30488 6.37474 7.41550
0.3157 0.45703 1.26105 2.20086 3.20863 4.24371 5.30445 6.37385 7.41452
0.3173 0.44504 1.25650 2.19924 3.20789 4.24318 5.30402 6.37298 7.41356
0.3189 0.43341 1.25209 2.19765 3.20716 4.24266 5.30359 6.37213 7.41262
0.3205 0.42211 1.24780 2.19610 3.20644 4.24215 5.30316 6.37130 7.41170
0.3221 0.41115 1.24364 2.19459 3.20574 4.24164 5.30273 6.37048 7.41079
0.3237 0.40051 1.23960 2.19311 3.20505 4.24115 5.30230 6.36969 7.40990
0.3253 0.39019 1.23568 2.19166 3.20438 4.24067 5.30188 6.36891 7.40902
0.3269 0.38018 1.23186 2.19024 3.20371 4.24019 5.30146 6.36815 7.40816
0.3285 0.37048 1.22815 2.18886 3.20306 4.23973 5.30105 6.36740 7.40730
0.3301 0.36108 1.22455 2.18751 3.20242 4.23927 5.30064 6.36668 7.40646
0.3317 0.35196 1.22105 2.18618 3.20180 4.23882 5.30023 6.36596 7.40563
0.3333 0.34313 1.21765 2.18489 3.20118 4.23838 5.29983 6.36527 7.40482
0.3349 0.33457 1.21434 2.18362 3.20058 4.23795 5.29944 6.36459 7.40401
0.3365 0.32627 1.21112 2.18238 3.19999 4.23752 5.29906 6.36392 7.40321
0.3381 0.31823 1.20799 2.18117 3.19940 4.23710 5.29868 6.36327 7.40242
0.3397 0.31044 1.20494 2.17998 3.19883 4.23669 5.29832 6.36262 7.40164
0.3413 0.30289 1.20198 2.17882 3.19827 4.23629 5.29796 6.36200 7.40087
0.3429 0.29558 1.19909 2.17768 3.19772 4.23590 5.29761 6.36138 7.40010
0.3445 0.28849 1.19628 2.17657 3.19718 4.23551 5.29727 6.36077 7.39935
0.3461 0.28162 1.19355 2.17548 3.19665 4.23513 5.29694 6.36017 7.39861
0.3477 0.27496 1.19088 2.17441 3.19612 4.23475 5.29662 6.35959 7.39787
0.3493 0.26851 1.18829 2.17337 3.19561 4.23439 5.29631 6.35901 7.39714
0.3510 0.26225 1.18577 2.17234 3.19511 4.23403 5.29602 6.35843 7.39642
0.3526 0.25619 1.18330 2.17134 3.19461 4.23367 5.29573 6.35787 7.39572
0.3542 0.25031 1.18091 2.17035 3.19413 4.23333 5.29546 6.35730 7.39502
0.3558 0.24461 1.17857 2.16939 3.19365 4.23298 5.29520 6.35674 7.39433
0.3574 0.23908 1.17629 2.16845 3.19318 4.23265 5.29494 6.35619 7.39365
0.3590 0.23372 1.17407 2.16752 3.19272 4.23232 5.29470 6.35564 7.39298
0.3606 0.22852 1.17191 2.16661 3.19227 4.23200 5.29447 6.35509 7.39232
0.3622 0.22347 1.16979 2.16572 3.19182 4.23168 5.29425 6.35454 7.39167
0.3638 0.21858 1.16773 2.16485 3.19138 4.23137 5.29405 6.35399 7.39103
0.3654 0.21383 1.16572 2.16399 3.19095 4.23106 5.29385 6.35343 7.39040
0.3670 0.20922 1.16376 2.16315 3.19053 4.23076 5.29366 6.35288 7.38978
0.3686 0.20474 1.16185 2.16233 3.19012 4.23046 5.29348 6.35233 7.38917
0.3702 0.20039 1.15998 2.16152 3.18971 4.23017 5.29331 6.35177 7.38857
0.3718 0.19617 1.15816 2.16073 3.18931 4.22988 5.29315 6.35121 7.38799
0.3734 0.19207 1.15638 2.15995 3.18891 4.22960 5.29299 6.35065 7.38741
0.3750 0.18809 1.15464 2.15919 3.18853 4.22933 5.29285 6.35008 7.38685
0.3766 0.18423 1.15295 2.15844 3.18815 4.22905 5.29271 6.34951 7.38629
0.3782 0.18047 1.15129 2.15771 3.18777 4.22879 5.29258 6.34894 7.38575
0.3798 0.17681 1.14967 2.15698 3.18741 4.22853 5.29246 6.34836 7.38522
0.3814 0.17326 1.14809 2.15628 3.18704 4.22827 5.29234 6.34778 7.38469
0.3830 0.16981 1.14654 2.15558 3.18669 4.22802 5.29223 6.34719 7.38418
0.3846 0.16645 1.14503 2.15490 3.18634 4.22777 5.29212 6.34660 7.38368
0.3862 0.16319 1.14355 2.15423 3.18599 4.22752 5.29202 6.34601 7.38319
0.3878 0.16001 1.14211 2.15357 3.18566 4.22728 5.29192 6.34542 7.38271
0.3894 0.15693 1.14069 2.15292 3.18532 4.22705 5.29182 6.34482 7.38224
0.3910 0.15392 1.13931 2.15229 3.18500 4.22681 5.29173 6.34422 7.38177
0.3926 0.15099 1.13796 2.15166 3.18467 4.22658 5.29164 6.34362 7.38132
0.3942 0.14815 1.13664 2.15105 3.18436 4.22636 5.29156 6.34302 7.38088
0.3958 0.14537 1.13535 2.15044 3.18404 4.22614 5.29148 6.34242 7.38044
0.3974 0.14267 1.13408 2.14985 3.18374 4.22592 5.29140 6.34182 7.38002
0.3990 0.14005 1.13284 2.14927 3.18343 4.22571 5.29132 6.34122 7.37960
0.4006 0.13748 1.13163 2.14870 3.18313 4.22550 5.29124 6.34062 7.37920
0.4022 0.13499 1.13045 2.14814 3.18284 4.22529 5.29117 6.34002 7.37880
0.4038 0.13256 1.12929 2.14758 3.18255 4.22509 5.29110 6.33943 7.37841
0.4054 0.13019 1.12815 2.14704 3.18226 4.22489 5.29102 6.33884 7.37802
0.4070 0.12788 1.12704 2.14651 3.18198 4.22469 5.29095 6.33825 7.37765
0.4086 0.12563 1.12595 2.14598 3.18170 4.22450 5.29089 6.33767 7.37728
0.4102 0.12343 1.12488 2.14546 3.18142 4.22431 5.29082 6.33709 7.37692
0.4118 0.12129 1.12383 2.14496 3.18115 4.22412 5.29075 6.33652 7.37657
0.4134 0.11921 1.12281 2.14446 3.18088 4.22394 5.29069 6.33596 7.37623
0.4150 0.11717 1.12180 2.14396 3.18061 4.22375 5.29063 6.33540 7.37589
0.4166 0.11518 1.12082 2.14348 3.18035 4.22357 5.29056 6.33485 7.37556
0.4182 0.11324 1.11985 2.14300 3.18009 4.22340 5.29050 6.33431 7.37523
0.4198 0.11135 1.11891 2.14254 3.17983 4.22322 5.29044 6.33377 7.37491
0.4214 0.10950 1.11798 2.14208 3.17957 4.22305 5.29038 6.33324 7.37460
0.4230 0.10770 1.11707 2.14162 3.17931 4.22288 5.29033 6.33273 7.37430
0.4246 0.10594 1.11618 2.14118 3.17906 4.22272 5.29027 6.33222 7.37400
0.4262 0.10422 1.11531 2.14074 3.17881 4.22255 5.29021 6.33172 7.37370
0.4278 0.10254 1.11445 2.14031 3.17856 4.22239 5.29015 6.33122 7.37342
0.4294 0.10090 1.11361 2.13988 3.17831 4.22223 5.29009 6.33074 7.37313
0.4310 0.09929 1.11279 2.13946 3.17807 4.22207 5.29003 6.33027 7.37286
0.4326 0.09773 1.11198 2.13905 3.17783 4.22191 5.28996 6.32980 7.37258
0.4342 0.09619 1.11118 2.13864 3.17758 4.22176 5.28990 6.32935 7.37232
0.4358 0.09470 1.11041 2.13824 3.17734 4.22161 5.28983 6.32890 7.37206
0.4374 0.09323 1.10964 2.13785 3.17711 4.22146 5.28976 6.32847 7.37180
0.4390 0.09180 1.10889 2.13746 3.17687 4.22131 5.28969 6.32804 7.37155
0.4406 0.09040 1.10815 2.13708 3.17663 4.22116 5.28961 6.32762 7.37130
0.4422 0.08903 1.10743 2.13670 3.17640 4.22102 5.28953 6.32721 7.37106
0.4438 0.08770 1.10672 2.13633 3.17617 4.22087 5.28944 6.32681 7.37082
0.4454 0.08639 1.10602 2.13597 3.17594 4.22073 5.28934 6.32642 7.37058
0.4470 0.08510 1.10534 2.13561 3.17571 4.22059 5.28924 6.32604 7.37035
0.4486 0.08385 1.10467 2.13526 3.17549 4.22045 5.28913 6.32566 7.37013
0.4503 0.08262 1.10401 2.13491 3.17527 4.22032 5.28901 6.32530 7.36991
0.4519 0.08142 1.10336 2.13456 3.17504 4.22019 5.28888 6.32494 7.36969
0.4535 0.08024 1.10272 2.13422 3.17483 4.22005 5.28875 6.32459 7.36947
0.4551 0.07909 1.10209 2.13389 3.17461 4.21992 5.28860 6.32425 7.36926
0.4567 0.07797 1.10148 2.13356 3.17439 4.21979 5.28844 6.32391 7.36906
0.4583 0.07686 1.10087 2.13324 3.17418 4.21967 5.28827 6.32358 7.36885
0.4599 0.07578 1.10028 2.13292 3.17397 4.21954 5.28809 6.32326 7.36865
0.4615 0.07472 1.09969 2.13260 3.17376 4.21942 5.28790 6.32295 7.36846
0.4631 0.07368 1.09912 2.13229 3.17356 4.21930 5.28769 6.32265 7.36826
0.4647 0.07266 1.09856 2.13199 3.17336 4.21918 5.28747 6.32235 7.36807
0.4663 0.07167 1.09800 2.13168 3.17316 4.21906 5.28723 6.32205 7.36789
0.4679 0.07069 1.09746 2.13139 3.17296 4.21895 5.28698 6.32177 7.36770
0.4695 0.06973 1.09692 2.13109 3.17276 4.21883 5.28672 6.32149 7.36752
0.4711 0.06879 1.09639 2.13080 3.17257 4.21872 5.28644 6.32121 7.36734
0.4727 0.06787 1.09587 2.13052 3.17238 4.21861 5.28614 6.32095 7.36717
0.4743 0.06697 1.09536 2.13024 3.17219 4.21850 5.28584 6.32068 7.36699
0.4759 0.06609 1.09486 2.12996 3.17200 4.21840 5.28551 6.32043 7.36682
0.4775 0.06522 1.09437 2.12968 3.17182 4.21829 5.28518 6.32018 7.36666
0.4791 0.06437 1.09388 2.12941 3.17164 4.21819 5.28483 6.31993 7.36649
0.4807 0.06353 1.09340 2.12915 3.17146 4.21809 5.28447 6.31969 7.36633
0.4823 0.06271 1.09293 2.12888 3.17128 4.21799 5.28410 6.31946 7.36617
0.4839 0.06191 1.09247 2.12863 3.17111 4.21789 5.28371 6.31923 7.36601
0.4855 0.06112 1.09201 2.12837 3.17093 4.21780 5.28332 6.31900 7.36586
0.4871 0.06035 1.09156 2.12812 3.17076 4.21771 5.28291 6.31878 7.36571
0.4887 0.05959 1.09112 2.12787 3.17060 4.21762 5.28250 6.31856 7.36556
0.4903 0.05884 1.09069 2.12762 3.17043 4.21753 5.28208 6.31835 7.36541
0.4919 0.05811 1.09026 2.12738 3.17027 4.21744 5.28166 6.31814 7.36526
0.4935 0.05739 1.08984 2.12714 3.17010 4.21736 5.28123 6.31794 7.36512
0.4951 0.05668 1.08943 2.12690 3.16994 4.21728 5.28079 6.31774 7.36498
0.4967 0.05599 1.08902 2.12667 3.16979 4.21720 5.28036 6.31754 7.36484
0.4983 0.05531 1.08862 2.12644 3.16963 4.21712 5.27992 6.31735 7.36470
0.4999 0.05464 1.08822 2.12621 3.16948 4.21704 5.27948 6.31716 7.36457
0.5015 0.05398 1.08783 2.12599 3.16933 4.21697 5.27904 6.31697 7.36443
0.5031 0.05334 1.08745 2.12577 3.16918 4.21690 5.27860 6.31679 7.36430
0.5047 0.05270 1.08707 2.12555 3.16903 4.21683 5.27817 6.31661 7.36417
0.5063 0.05208 1.08669 2.12533 3.16888 4.21676 5.27773 6.31643 7.36404
0.5079 0.05147 1.08633 2.12512 3.16874 4.21669 5.27730 6.31626 7.36392
0.5095 0.05086 1.08597 2.12491 3.16860 4.21663 5.27687 6.31609 7.36379
0.5111 0.05027 1.08561 2.12470 3.16846 4.21657 5.27645 6.31592 7.36367
0.5127 0.04969 1.08526 2.12450 3.16832 4.21651 5.27603 6.31576 7.36355
0.5143 0.04912 1.08491 2.12429 3.16818 4.21646 5.27562 6.31559 7.36343
0.5159 0.04856 1.08457 2.12409 3.16804 4.21640 5.27522 6.31543 7.36331
0.5175 0.04801 1.08423 2.12390 3.16791 4.21635 5.27482 6.31528 7.36320
0.5191 0.04746 1.08390 2.12370 3.16778 4.21630 5.27443 6.31512 7.36308
0.5207 0.04693 1.08358 2.12351 3.16765 4.21625 5.27404 6.31497 7.36297
0.5223 0.04640 1.08325 2.12332 3.16752 4.21621 5.27366 6.31482 7.36286
0.5239 0.04589 1.08294 2.12313 3.16739 4.21616 5.27329 6.31468 7.36275
0.5255 0.04538 1.08262 2.12295 3.16726 4.21612 5.27293 6.31453 7.36264
0.5271 0.04488 1.08232 2.12276 3.16714 4.21609 5.27257 6.31439 7.36253
0.5287 0.04439 1.08201 2.12258 3.16702 4.21605 5.27222 6.31425 7.36242
0.5303 0.04390 1.08171 2.12240 3.16689 4.21602 5.27188 6.31411 7.36232
0.5319 0.04343 1.08141 2.12222 3.16677 4.21599 5.27155 6.31397 7.36222
0.5335 0.04296 1.08112 2.12205 3.16665 4.21596 5.27122 6.31384 7.36212
0.5351 0.04250 1.08084 2.12188 3.16654 4.21593 5.27090 6.31371 7.36202
0.5367 0.04204 1.08055 2.12171 3.16642 4.21591 5.27059 6.31358 7.36192
0.5383 0.04160 1.08027 2.12154 3.16631 4.21589 5.27029 6.31345 7.36182
0.5399 0.04116 1.08000 2.12137 3.16619 4.21588 5.26999 6.31332 7.36172
0.5415 0.04072 1.07972 2.12121 3.16608 4.21586 5.26970 6.31320 7.36163
0.5431 0.04030 1.07945 2.12104 3.16597 4.21585 5.26942 6.31308 7.36153
0.5447 0.03988 1.07919 2.12088 3.16586 4.21584 5.26915 6.31296 7.36144
0.5463 0.03946 1.07893 2.12072 3.16575 4.21584 5.26888 6.31284 7.36135
0.5479 0.03906 1.07867 2.12057 3.16564 4.21584 5.26862 6.31272 7.36126
0.5495 0.03866 1.07841 2.12041 3.16554 4.21584 5.26836 6.31261 7.36117
0.5512 0.03826 1.07816 2.12026 3.16543 4.21584 5.26811 6.31249 7.36108
0.5528 0.03787 1.07791 2.12011 3.16533 4.21585 5.26787 6.31238 7.36099
0.5544 0.03749 1.07767 2.11996 3.16523 4.21586 5.26763 6.31227 7.36091
0.5560 0.03711 1.07743 2.11981 3.16513 4.21588 5.26740 6.31216 7.36082
0.5576 0.03674 1.07719 2.11966 3.16503 4.21590 5.26718 6.31206 7.36074
0.5592 0.03637 1.07695 2.11952 3.16493 4.21592 5.26696 6.31195 7.36065
0.5608 0.03601 1.07672 2.11938 3.16483 4.21595 5.26675 6.31185 7.36057
0.5624 0.03566 1.07649 2.11923 3.16473 4.21598 5.26654 6.31175 7.36049
0.5640 0.03531 1.07627 2.11909 3.16464 4.21601 5.26634 6.31165 7.36041
0.5656 0.03496 1.07604 2.11896 3.16454 4.21605 5.26614 6.31155 7.36033
0.5672 0.03462 1.07582 2.11882 3.16445 4.21609 5.26595 6.31145 7.36025
0.5688 0.03429 1.07560 2.11868 3.16436 4.21613 5.26576 6.31135 7.36017
0.5704 0.03396 1.07539 2.11855 3.16426 4.21618 5.26557 6.31126 7.36010
0.5720 0.03363 1.07517 2.11842 3.16417 4.21623 5.26539 6.31116 7.36002
0.5736 0.03331 1.07496 2.11829 3.16408 4.21628 5.26522 6.31107 7.35995
0.5752 0.03299 1.07476 2.11816 3.16400 4.21634 5.26505 6.31098 7.35987
0.5768 0.03268 1.07455 2.11803 3.16391 4.21640 5.26488 6.31089 7.35980
0.5784 0.03237 1.07435 2.11791 3.16382 4.21646 5.26471 6.31080 7.35973
0.5800 0.03207 1.07415 2.11778 3.16373 4.21652 5.26455 6.31071 7.35966
0.5816 0.03177 1.07395 2.11766 3.16365 4.21659 5.26440 6.31063 7.35959
0.5832 0.03147 1.07376 2.11754 3.16357 4.21666 5.26424 6.31054 7.35952
0.5848 0.03118 1.07356 2.11742 3.16348 4.21673 5.26409 6.31046 7.35945
0.5864 0.03089 1.07337 2.11730 3.16340 4.21681 5.26394 6.31038 7.35938
0.5880 0.03061 1.07319 2.11718 3.16332 4.21688 5.26380 6.31029 7.35931
0.5896 0.03033 1.07300 2.11706 3.16324 4.21696 5.26365 6.31021 7.35925
0.5912 0.03006 1.07282 2.11695 3.16316 4.21704 5.26352 6.31013 7.35918
0.5928 0.02978 1.07263 2.11683 3.16308 4.21711 5.26338 6.31005 7.35911
0.5944 0.02951 1.07246 2.11672 3.16300 4.21719 5.26324 6.30998 7.35905
0.5960 0.02925 1.07228 2.11661 3.16292 4.21727 5.26311 6.30990 7.35899
0.5976 0.02899 1.07210 2.11650 3.16285 4.21734 5.26298 6.30983 7.35892
0.5992 0.02873 1.07193 2.11639 3.16277 4.21742 5.26285 6.30975 7.35886
0.6008 0.02848 1.07176 2.11628 3.16269 4.21749 5.26272 6.30968 7.35880
0.6024 0.02823 1.07159 2.11618 3.16262 4.21756 5.26260 6.30960 7.35874
0.6040 0.02798 1.07142 2.11607 3.16255 4.21763 5.26248 6.30953 7.35868
0.6056 0.02773 1.07126 2.11597 3.16247 4.21770 5.26235 6.30946 7.35862
0.6072 0.02749 1.07109 2.11587 3.16240 4.21776 5.26223 6.30939 7.35856
0.6088 0.02725 1.07093 2.11576 3.16233 4.21782 5.26212 6.30932 7.35850
0.6104 0.02702 1.07077 2.11566 3.16226 4.21787 5.26200 6.30925 7.35844
0.6120 0.02679 1.07061 2.11556 3.16219 4.21792 5.26189 6.30919 7.35838
0.6136 0.02656 1.07046 2.11547 3.16212 4.21797 5.26177 6.30912 7.35833
0.6152 0.02633 1.07030 2.11537 3.16205 4.21801 5.26166 6.30905 7.35827
0.6168 0.02611 1.07015 2.11527 3.16199 4.21805 5.26155 6.30899 7.35821
0.6184 0.02589 1.07000 2.11518 3.16192 4.21807 5.26144 6.30892 7.35816
0.6200 0.02567 1.06985 2.11508 3.16185 4.21810 5.26134 6.30886 7.35810
0.6216 0.02545 1.06970 2.11499 3.16179 4.21812 5.26123 6.30880 7.35805
0.6232 0.02524 1.06956 2.11490 3.16172 4.21813 5.26113 6.30874 7.35800
0.6248 0.02503 1.06941 2.11481 3.16166 4.21814 5.26102 6.30867 7.35794
0.6264 0.02482 1.06927 2.11472 3.16160 4.21814 5.26092 6.30861 7.35789
0.6280 0.02462 1.06913 2.11463 3.16153 4.21813 5.26082 6.30855 7.35784
0.6296 0.02441 1.06899 2.11454 3.16147 4.21812 5.26073 6.30849 7.35779
0.6312 0.02421 1.06885 2.11445 3.16141 4.21810 5.26063 6.30844 7.35774
0.6328 0.02402 1.06872 2.11436 3.16135 4.21807 5.26053 6.30838 7.35769
0.6344 0.02382 1.06858 2.11428 3.16129 4.21804 5.26044 6.30832 7.35764
0.6360 0.02363 1.06845 2.11419 3.16123 4.21800 5.26035 6.30826 7.35759
0.6376 0.02344 1.06831 2.11411 3.16117 4.21795 5.26026 6.30821 7.35754
0.6392 0.02325 1.06818 2.11402 3.16112 4.21790 5.26017 6.30815 7.35749
0.6408 0.02307 1.06805 2.11394 3.16106 4.21784 5.26008 6.30810 7.35744
0.6424 0.02288 1.06793 2.11386 3.16100 4.21777 5.25999 6.30804 7.35740
0.6440 0.02270 1.06780 2.11378 3.16095 4.21770 5.25991 6.30799 7.35735
0.6456 0.02252 1.06767 2.11369 3.16089 4.21762 5.25983 6.30794 7.35730
0.6472 0.02234 1.06755 2.11361 3.16084 4.21753 5.25974 6.30788 7.35726
0.6488 0.02217 1.06743 2.11353 3.16078 4.21744 5.25966 6.30783 7.35721
0.6505 0.02200 1.06731 2.11345 3.16073 4.21734 5.25958 6.30778 7.35717
0.6521 0.02182 1.06719 2.11337 3.16068 4.21724 5.25950 6.30773 7.35712
0.6537 0.02165 1.06707 2.11330 3.16063 4.21713 5.25943 6.30768 7.35708
0.6553 0.02149 1.06695 2.11322 3.16058 4.21701 5.25935 6.30763 7.35703
0.6569 0.02132 1.06683 2.11314 3.16053 4.21689 5.25927 6.30758 7.35699
0.6585 0.02116 1.06672 2.11306 3.16048 4.21676 5.25920 6.30753 7.35695
0.6601 0.02100 1.06660 2.11298 3.16043 4.21663 5.25913 6.30749 7.35691
0.6617 0.02084 1.06649 2.11291 3.16038 4.21649 5.25906 6.30744 7.35686
0.6633 0.02068 1.06638 2.11283 3.16033 4.21635 5.25898 6.30739 7.35682
0.6649 0.02052 1.06627 2.11275 3.16028 4.21621 5.25892 6.30734 7.35678
0.6665 0.02037 1.06616 2.11268 3.16024 4.21606 5.25885 6.30730 7.35674
0.6681 0.02022 1.06605 2.11260 3.16019 4.21591 5.25878 6.30725 7.35670
0.6697 0.02007 1.06594 2.11253 3.16015 4.21575 5.25871 6.30721 7.35666
0.6713 0.01992 1.06584 2.11245 3.16010 4.21559 5.25865 6.30716 7.35662
0.6729 0.01977 1.06573 2.11238 3.16006 4.21543 5.25858 6.30712 7.35658
0.6745 0.01962 1.06563 2.11231 3.16002 4.21527 5.25852 6.30708 7.35654
0.6761 0.01948 1.06552 2.11223 3.15998 4.21511 5.25846 6.30703 7.35650
0.6777 0.01934 1.06542 2.11216 3.15993 4.21495 5.25840 6.30699 7.35646
0.6793 0.01919 1.06532 2.11209 3.15989 4.21479 5.25834 6.30695 7.35642
0.6809 0.01905 1.06522 2.11202 3.15985 4.21462 5.25828 6.30691 7.35639
0.6825 0.01892 1.06512 2.11194 3.15981 4.21446 5.25822 6.30686 7.35635
0.6841 0.01878 1.06502 2.11187 3.15978 4.21429 5.25816 6.30682 7.35631
0.6857 0.01864 1.06492 2.11180 3.15974 4.21413 5.25810 6.30678 7.35627
0.6873 0.01851 1.06483 2.11173 3.15970 4.21397 5.25805 6.30674 7.35624
0.6889 0.01838 1.06473 2.11166 3.15966 4.21381 5.25799 6.30670 7.35620
0.6905 0.01825 1.06464 2.11159 3.15963 4.21365 5.25794 6.30666 7.35617
0.6921 0.01812 1.06454 2.11153 3.15959 4.21349 5.25788 6.30662 7.35613
0.6937 0.01799 1.06445 2.11146 3.15956 4.21333 5.25783 6.30658 7.35610
0.6953 0.01786 1.06436 2.11139 3.15953 4.21317 5.25778 6.30655 7.35606
0.6969 0.01774 1.06427 2.11132 3.15949 4.21302 5.25772 6.30651 7.35603
0.6985 0.01761 1.06418 2.11126 3.15946 4.21286 5.25767 6.30647 7.35599
0.7001 0.01749 1.06409 2.11119 3.15943 4.21271 5.25762 6.30643 7.35596
0.7017 0.01737 1.06400 2.11113 3.15940 4.21256 5.25757 6.30640 7.35592
0.7033 0.01725 1.06391 2.11106 3.15937 4.21241 5.25752 6.30636 7.35589
0.7049 0.01713 1.06383 2.11100 3.15934 4.21227 5.25748 6.30632 7.35586
0.7065 0.01701 1.06374 2.11094 3.15931 4.21212 5.25743 6.30629 7.35583
0.7081 0.01689 1.06366 2.11087 3.15928 4.21198 5.25738 6.30625 7.35579
0.7097 0.01678 1.06357 2.11081 3.15926 4.21184 5.25733 6.30622 7.35576
0.7113 0.01666 1.06349 2.11075 3.15923 4.21170 5.25729 6.30618 7.35573
0.7129 0.01655 1.06340 2.11069 3.15920 4.21156 5.25724 6.30615 7.35570
0.7145 0.01644 1.06332 2.11063 3.15918 4.21142 5.25720 6.30612 7.35567
0.7161 0.01633 1.06324 2.11057 3.15915 4.21129 5.25715 6.30608 7.35563
0.7177 0.01622 1.06316 2.11051 3.15913 4.21116 5.25711 6.30605 7.35560
0.7193 0.01611 1.06308 2.11045 3.15911 4.21103 5.25707 6.30602 7.35557
0.7209 0.01600 1.06300 2.11039 3.15908 4.21090 5.25703 6.30598 7.35554
0.7225 0.01589 1.06292 2.11033 3.15906 4.21078 5.25698 6.30595 7.35551
0.7241 0.01579 1.06285 2.11028 3.15904 4.21066 5.25694 6.30592 7.35548
0.7257 0.01568 1.06277 2.11022 3.15902 4.21053 5.25690 6.30589 7.35545
0.7273 0.01558 1.06269 2.11016 3.15900 4.21042 5.25686 6.30585 7.35542
0.7289 0.01548 1.06262 2.11011 3.15898 4.21030 5.25682 6.30582 7.35540
0.7305 0.01538 1.06254 2.11005 3.15896 4.21018 5.25678 6.30579 7.35537
0.7321 0.01528 1.06247 2.11000 3.15894 4.21007 5.25674 6.30576 7.35534
0.7337 0.01518 1.06239 2.10994 3.15892 4.20996 5.25671 6.30573 7.35531
0.7353 0.01508 1.06232 2.10989 3.15890 4.20985 5.25667 6.30570 7.35528
0.7369 0.01498 1.06225 2.10984 3.15888 4.20975 5.25663 6.30567 7.35525
0.7385 0.01488 1.06218 2.10978 3.15886 4.20964 5.25659 6.30564 7.35523
0.7401 0.01479 1.06211 2.10973 3.15884 4.20954 5.25656 6.30561 7.35520
0.7417 0.01469 1.06204 2.10968 3.15882 4.20944 5.25652 6.30558 7.35517
0.7433 0.01460 1.06197 2.10963 3.15880 4.20935 5.25649 6.30556 7.35514
0.7449 0.01451 1.06190 2.10958 3.15878 4.20925 5.25645 6.30553 7.35512
0.7465 0.01441 1.06183 2.10953 3.15876 4.20916 5.25642 6.30550 7.35509
0.7481 0.01432 1.06176 2.10948 3.15874 4.20907 5.25638 6.30547 7.35506
0.7497 0.01423 1.06169 2.10943 3.15871 4.20898 5.25635 6.30544 7.35504
0.7514 0.01414 1.06163 2.10938 3.15869 4.20889 5.25631 6.30542 7.35501
0.7530 0.01406 1.06156 2.10933 3.15867 4.20880 5.25628 6.30539 7.35499
0.7546 0.01397 1.06149 2.10928 3.15865 4.20872 5.25625 6.30536 7.35496
0.7562 0.01388 1.06143 2.10923 3.15862 4.20864 5.25622 6.30534 7.35494
0.7578 0.01379 1.06136 2.10919 3.15860 4.20856 5.25619 6.30531 7.35491
0.7594 0.01371 1.06130 2.10914 3.15858 4.20848 5.25615 6.30528 7.35489
0.7610 0.01362 1.06124 2.10909 3.15855 4.20840 5.25612 6.30526 7.35486
0.7626 0.01354 1.06117 2.10905 3.15853 4.20833 5.25609 6.30523 7.35484
0.7642 0.01346 1.06111 2.10900 3.15850 4.20825 5.25606 6.30521 7.35481
0.7658 0.01337 1.06105 2.10896 3.15847 4.20818 5.25603 6.30518 7.35479
0.7674 0.01329 1.06099 2.10891 3.15845 4.20811 5.25600 6.30516 7.35476
0.7690 0.01321 1.06093 2.10887 3.15842 4.20804 5.25597 6.30513 7.35474
0.7706 0.01313 1.06087 2.10882 3.15839 4.20798 5.25595 6.30511 7.35472
0.7722 0.01305 1.06081 2.10878 3.15837 4.20791 5.25592 6.30508 7.35469
0.7738 0.01297 1.06075 2.10873 3.15834 4.20785 5.25589 6.30506 7.35467
0.7754 0.01290 1.06069 2.10869 3.15831 4.20778 5.25586 6.30504 7.35465
0.7770 0.01282 1.06063 2.10865 3.15828 4.20772 5.25583 6.30501 7.35463
0.7786 0.01274 1.06057 2.10861 3.15825 4.20766 5.25581 6.30499 7.35460
0.7802 0.01267 1.06052 2.10856 3.15823 4.20760 5.25578 6.30497 7.35458
0.7818 0.01259 1.06046 2.10852 3.15820 4.20755 5.25575 6.30494 7.35456
0.7834 0.01252 1.06040 2.10848 3.15817 4.20749 5.25573 6.30492 7.35454
0.7850 0.01244 1.06035 2.10844 3.15814 4.20744 5.25570 6.30490 7.35451
0.7866 0.01237 1.06029 2.10840 3.15812 4.20738 5.25568 6.30488 7.35449
0.7882 0.01230 1.06024 2.10836 3.15809 4.20733 5.25565 6.30486 7.35447
0.7898 0.01223 1.06018 2.10832 3.15807 4.20728 5.25563 6.30484 7.35445
0.7914 0.01215 1.06013 2.10828 3.15804 4.20723 5.25560 6.30481 7.35443
0.7930 0.01208 1.06007 2.10824 3.15802 4.20718 5.25558 6.30479 7.35441
0.7946 0.01201 1.06002 2.10820 3.15799 4.20713 5.25556 6.30477 7.35439
0.7962 0.01194 1.05997 2.10816 3.15797 4.20708 5.25553 6.30475 7.35437
0.7978 0.01187 1.05992 2.10812 3.15795 4.20703 5.25551 6.30473 7.35435
0.7994 0.01181 1.05986 2.10808 3.15793 4.20699 5.25549 6.30471 7.35432
0.8010 0.01174 1.05981 2.10805 3.15790 4.20694 5.25547 6.30469 7.35430
0.8026 0.01167 1.05976 2.10801 3.15788 4.20690 5.25544 6.30467 7.35428
0.8042 0.01161 1.05971 2.10797 3.15787 4.20685 5.25542 6.30465 7.35426
0.8058 0.01154 1.05966 2.10794 3.15785 4.20681 5.25540 6.30463 7.35424
0.8074 0.01147 1.05961 2.10790 3.15783 4.20677 5.25538 6.30461 7.35423
0.8090 0.01141 1.05956 2.10786 3.15782 4.20673 5.25536 6.30460 7.35421
0.8106 0.01134 1.05951 2.10783 3.15780 4.20669 5.25534 6.30458 7.35419
0.8122 0.01128 1.05946 2.10779 3.15779 4.20665 5.25532 6.30456 7.35417
0.8138 0.01122 1.05942 2.10775 3.15778 4.20661 5.25530 6.30454 7.35415
0.8154 0.01115 1.05937 2.10772 3.15776 4.20657 5.25528 6.30452 7.35413
0.8170 0.01109 1.05932 2.10768 3.15775 4.20653 5.25526 6.30451 7.35411
0.8186 0.01103 1.05927 2.10765 3.15774 4.20649 5.25525 6.30449 7.35409
0.8202 0.01097 1.05923 2.10762 3.15773 4.20645 5.25523 6.30447 7.35407
0.8218 0.01091 1.05918 2.10758 3.15773 4.20641 5.25521 6.30445 7.35406
0.8234 0.01085 1.05913 2.10755 3.15772 4.20638 5.25519 6.30444 7.35404
0.8250 0.01079 1.05909 2.10751 3.15771 4.20634 5.25517 6.30442 7.35402
0.8266 0.01073 1.05904 2.10748 3.15771 4.20630 5.25516 6.30440 7.35400
0.8282 0.01067 1.05900 2.10745 3.15770 4.20627 5.25514 6.30439 7.35398
0.8298 0.01061 1.05895 2.10741 3.15769 4.20623 5.25513 6.30437 7.35397
0.8314 0.01056 1.05891 2.10738 3.15769 4.20620 5.25511 6.30436 7.35395
0.8330 0.01050 1.05886 2.10735 3.15769 4.20616 5.25509 6.30434 7.35393
0.8346 0.01044 1.05882 2.10732 3.15768 4.20613 5.25508 6.30433 7.35391
0.8362 0.01039 1.05878 2.10729 3.15768 4.20609 5.25507 6.30431 7.35390
0.8378 0.01033 1.05873 2.10726 3.15767 4.20606 5.25505 6.30430 7.35388
0.8394 0.01027 1.05869 2.10722 3.15767 4.20602 5.25504 6.30428 7.35386
0.8410 0.01022 1.05865 2.10719 3.15766 4.20599 5.25502 6.30427 7.35385
0.8426 0.01016 1.05861 2.10716 3.15766 4.20596 5.25501 6.30426 7.35383
0.8442 0.01011 1.05857 2.10713 3.15765 4.20592 5.25500 6.30424 7.35381
0.8458 0.01006 1.05853 2.10710 3.15765 4.20589 5.25499 6.30423 7.35380
0.8474 0.01000 1.05848 2.10707 3.15764 4.20586 5.25497 6.30422 7.35378
0.8490 0.00995 1.05844 2.10704 3.15763 4.20583 5.25496 6.30420 7.35377
0.8507 0.00990 1.05840 2.10701 3.15762 4.20580 5.25495 6.30419 7.35375
0.8523 0.00985 1.05836 2.10698 3.15761 4.20576 5.25494 6.30418 7.35374
0.8539 0.00979 1.05832 2.10696 3.15760 4.20573 5.25493 6.30417 7.35372
0.8555 0.00974 1.05828 2.10693 3.15758 4.20570 5.25492 6.30416 7.35370
0.8571 0.00969 1.05825 2.10690 3.15757 4.20567 5.25491 6.30414 7.35369
0.8587 0.00964 1.05821 2.10687 3.15755 4.20564 5.25490 6.30413 7.35367
0.8603 0.00959 1.05817 2.10684 3.15753 4.20561 5.25490 6.30412 7.35366
0.8619 0.00954 1.05813 2.10682 3.15751 4.20558 5.25489 6.30411 7.35364
0.8635 0.00949 1.05809 2.10679 3.15749 4.20555 5.25488 6.30410 7.35363
0.8651 0.00944 1.05805 2.10676 3.15746 4.20552 5.25487 6.30409 7.35361
0.8667 0.00940 1.05802 2.10673 3.15744 4.20550 5.25487 6.30408 7.35360
0.8683 0.00935 1.05798 2.10671 3.15741 4.20547 5.25486 6.30407 7.35359
0.8699 0.00930 1.05794 2.10668 3.15738 4.20544 5.25486 6.30407 7.35357
0.8715 0.00925 1.05791 2.10666 3.15735 4.20541 5.25485 6.30406 7.35356
0.8731 0.00921 1.05787 2.10663 3.15732 4.20539 5.25485 6.30405 7.35354
0.8747 0.00916 1.05784 2.10660 3.15729 4.20536 5.25484 6.30404 7.35353
0.8763 0.00911 1.05780 2.10658 3.15725 4.20533 5.25484 6.30403 7.35352
0.8779 0.00907 1.05776 2.10655 3.15722 4.20531 5.25484 6.30403 7.35350
0.8795 0.00902 1.05773 2.10653 3.15718 4.20528 5.25484 6.30402 7.35349
0.8811 0.00898 1.05769 2.10650 3.15714 4.20526 5.25484 6.30401 7.35348
0.8827 0.00893 1.05766 2.10648 3.15711 4.20523 5.25484 6.30401 7.35346
0.8843 0.00889 1.05762 2.10646 3.15707 4.20521 5.25484 6.30400 7.35345
0.8859 0.00884 1.05759 2.10643 3.15703 4.20518 5.25484 6.30400 7.35344
0.8875 0.00880 1.05756 2.10641 3.15699 4.20516 5.25484 6.30399 7.35343
0.8891 0.00875 1.05752 2.10638 3.15695 4.20514 5.25484 6.30399 7.35341
0.8907 0.00871 1.05749 2.10636 3.15691 4.20511 5.25484 6.30399 7.35340
0.8923 0.00867 1.05746 2.10634 3.15687 4.20509 5.25485 6.30398 7.35339
0.8939 0.00863 1.05742 2.10632 3.15683 4.20507 5.25485 6.30398 7.35338
0.8955 0.00858 1.05739 2.10629 3.15679 4.20504 5.25486 6.30398 7.35336
0.8971 0.00854 1.05736 2.10627 3.15676 4.20502 5.25486 6.30398 7.35335
0.8987 0.00850 1.05732 2.10625 3.15672 4.20500 5.25487 6.30398 7.35334
0.9003 0.00846 1.05729 2.10623 3.15668 4.20498 5.25488 6.30398 7.35333
0.9019 0.00842 1.05726 2.10621 3.15664 4.20496 5.25489 6.30398 7.35332
0.9035 0.00838 1.05723 2.10619 3.15661 4.20494 5.25490 6.30398 7.35331
0.9051 0.00834 1.05720 2.10616 3.15657 4.20492 5.25491 6.30398 7.35329
0.9067 0.00830 1.05716 2.10614 3.15654 4.20490 5.25492 6.30398 7.35328
0.9083 0.00826 1.05713 2.10612 3.15650 4.20488 5.25493 6.30398 7.35327
0.9099 0.00822 1.05710 2.10610 3.15647 4.20486 5.25494 6.30398 7.35326
0.9115 0.00818 1.05707 2.10608 3.15644 4.20484 5.25496 6.30399 7.35325
0.9131 0.00814 1.05704 2.10606 3.15640 4.20482 5.25497 6.30399 7.35324
0.9147 0.00810 1.05701 2.10605 3.15637 4.20480 5.25499 6.30400 7.35323
0.9163 0.00806 1.05698 2.10603 3.15634 4.20479 5.25501 6.30400 7.35322
0.9179 0.00802 1.05695 2.10601 3.15631 4.20477 5.25503 6.30401 7.35321
0.9195 0.00798 1.05692 2.10599 3.15628 4.20475 5.25505 6.30401 7.35320
0.9211 0.00795 1.05689 2.10597 3.15626 4.20473 5.25507 6.30402 7.35319
0.9227 0.00791 1.05685 2.10595 3.15623 4.20472 5.25509 6.30403 7.35318
0.9243 0.00787 1.05682 2.10594 3.15620 4.20470 5.25512 6.30404 7.35317
0.9259 0.00784 1.05680 2.10592 3.15618 4.20468 5.25514 6.30405 7.35316
0.9275 0.00780 1.05677 2.10590 3.15615 4.20467 5.25517 6.30406 7.35316
0.9291 0.00776 1.05674 2.10589 3.15612 4.20465 5.25519 6.30407 7.35315
0.9307 0.00773 1.05671 2.10587 3.15610 4.20464 5.25522 6.30408 7.35314
0.9323 0.00769 1.05668 2.10585 3.15608 4.20462 5.25525 6.30409 7.35313
0.9339 0.00766 1.05665 2.10584 3.15605 4.20461 5.25528 6.30410 7.35312
0.9355 0.00762 1.05662 2.10582 3.15603 4.20459 5.25532 6.30411 7.35312
0.9371 0.00758 1.05659 2.10581 3.15600 4.20458 5.25535 6.30413 7.35311
0.9387 0.00755 1.05656 2.10579 3.15598 4.20456 5.25539 6.30414 7.35310
0.9403 0.00752 1.05653 2.10578 3.15596 4.20455 5.25542 6.30415 7.35309
0.9419 0.00748 1.05651 2.10577 3.15593 4.20454 5.25546 6.30417 7.35309
0.9435 0.00745 1.05648 2.10575 3.15591 4.20452 5.25550 6.30418 7.35308
0.9451 0.00741 1.05645 2.10574 3.15589 4.20451 5.25554 6.30419 7.35307
0.9467 0.00738 1.05642 2.10573 3.15587 4.20450 5.25558 6.30421 7.35307
0.9483 0.00735 1.05640 2.10572 3.15584 4.20448 5.25562 6.30422 7.35306
0.9499 0.00731 1.05637 2.10570 3.15582 4.20447 5.25566 6.30424 7.35305
0.9516 0.00728 1.05634 2.10569 3.15580 4.20446 5.25571 6.30425 7.35305
0.9532 0.00725 1.05632 2.10568 3.15577 4.20445 5.25575 6.30427 7.35304
0.9548 0.00721 1.05629 2.10567 3.15575 4.20444 5.25579 6.30428 7.35304
0.9564 0.00718 1.05626 2.10566 3.15573 4.20443 5.25584 6.30429 7.35303
0.9580 0.00715 1.05624 2.10565 3.15571 4.20442 5.25588 6.30430 7.35303
0.9596 0.00712 1.05621 2.10564 3.15568 4.20441 5.25593 6.30432 7.35302
0.9612 0.00709 1.05618 2.10563 3.15566 4.20440 5.25597 6.30433 7.35302
0.9628 0.00705 1.05616 2.10562 3.15564 4.20439 5.25602 6.30434 7.35301
0.9644 0.00702 1.05613 2.10562 3.15562 4.20438 5.25606 6.30434 7.35301
0.9660 0.00699 1.05611 2.10561 3.15559 4.20437 5.25610 6.30435 7.35301
0.9676 0.00696 1.05608 2.10560 3.15557 4.20436 5.25614 6.30436 7.35300
0.9692 0.00693 1.05606 2.10560 3.15555 4.20435 5.25618 6.30436 7.35300
0.9708 0.00690 1.05603 2.10559 3.15553 4.20434 5.25622 6.30436 7.35299
0.9724 0.00687 1.05601 2.10558 3.15551 4.20434 5.25626 6.30436 7.35299
0.9740 0.00684 1.05598 2.10558 3.15549 4.20433 5.25629 6.30436 7.35299
0.9756 0.00681 1.05596 2.10557 3.15547 4.20432 5.25632 6.30436 7.35298
0.9772 0.00678 1.05593 2.10557 3.15545 4.20432 5.25635 6.30436 7.35298
0.9788 0.00675 1.05591 2.10557 3.15543 4.20431 5.25638 6.30435 7.35298
0.9804 0.00672 1.05589 2.10557 3.15541 4.20430 5.25640 6.30434 7.35298
0.9820 0.00669 1.05586 2.10556 3.15539 4.20430 5.25642 6.30433 7.35297
0.9836 0.00666 1.05584 2.10556 3.15538 4.20429 5.25643 6.30432 7.35297
0.9852 0.00664 1.05582 2.10556 3.15536 4.20429 5.25644 6.30430 7.35297
0.9868 0.00661 1.05579 2.10556 3.15534 4.20429 5.25645 6.30428 7.35296
0.9884 0.00658 1.05577 2.10556 3.15533 4.20428 5.25645 6.30427 7.35296
0.9900 0.00655 1.05575 2.10556 3.15531 4.20428 5.25645 6.30424 7.35296
0.9916 0.00652 1.05572 2.10556 3.15530 4.20428 5.25644 6.30422 7.35295
0.9932 0.00650 1.05570 2.10557 3.15528 4.20427 5.25643 6.30420 7.35295
0.9948 0.00647 1.05568 2.10557 3.15527 4.20427 5.25642 6.30417 7.35295
0.9964 0.00644 1.05566 2.10557 3.15526 4.20427 5.25640 6.30415 7.35294
0.9980 0.00641 1.05564 2.10558 3.15525 4.20427 5.25638 6.30412 7.35294
0.9996 0.00639 1.05561 2.10558 3.15523 4.20427 5.25635 6.30409 7.35293
1.0012 0.00636 1.05559 2.10559 3.15522 4.20427 5.25632 6.30406 7.35293
1.0028 0.00633 1.05557 2.10559 3.15521 4.20427 5.25628 6.30403 7.35292
1.0044 0.00631 1.05555 2.10560 3.15520 4.20427 5.25624 6.30400 7.35291
1.0060 0.00628 1.05553 2.10561 3.15519 4.20427 5.25620 6.30396 7.35291
1.0076 0.00625 1.05551 2.10561 3.15519 4.20428 5.25616 6.30393 7.35290
1.0092 0.00623 1.05549 2.10562 3.15518 4.20428 5.25611 6.30390 7.35289
1.0108 0.00620 1.05546 2.10563 3.15517 4.20428 5.25606 6.30386 7.35288
1.0124 0.00618 1.05544 2.10564 3.15516 4.20429 5.25601 6.30383 7.35288
1.0140 0.00615 1.05542 2.10564 3.15515 4.20429 5.25595 6.30379 7.35287
1.0156 0.00613 1.05540 2.10565 3.15515 4.20430 5.25590 6.30376 7.35286
1.0172 0.00610 1.05538 2.10566 3.15514 4.20430 5.25584 6.30373 7.35285
1.0188 0.00608 1.05536 2.10567 3.15513 4.20431 5.25578 6.30369 7.35284
1.0204 0.00605 1.05534 2.10568 3.15512 4.20432 5.25572 6.30366 7.35282
1.0220 0.00603 1.05532 2.10569 3.15512 4.20433 5.25566 6.30362 7.35281
1.0236 0.00600 1.05530 2.10569 3.15511 4.20434 5.25560 6.30359 7.35280
1.0252 0.00598 1.05528 2.10570 3.15510 4.20435 5.25554 6.30356 7.35279
1.0268 0.00595 1.05526 2.10571 3.15509 4.20436 5.25548 6.30352 7.35278
1.0284 0.00593 1.05524 2.10572 3.15508 4.20437 5.25542 6.30349 7.35276
1.0300 0.00590 1.05522 2.10572 3.15507 4.20438 5.25536 6.30346 7.35275
1.0316 0.00588 1.05520 2.10573 3.15506 4.20439 5.25530 6.30343 7.35273
1.0332 0.00586 1.05519 2.10573 3.15505 4.20441 5.25524 6.30340 7.35272
1.0348 0.00583 1.05517 2.10573 3.15504 4.20442 5.25518 6.30337 7.35271
1.0364 0.00581 1.05515 2.10573 3.15503 4.20444 5.25512 6.30334 7.35269
1.0380 0.00579 1.05513 2.10573 3.15501 4.20445 5.25506 6.30331 7.35268
1.0396 0.00576 1.05511 2.10573 3.15500 4.20447 5.25500 6.30328 7.35266
1.0412 0.00574 1.05509 2.10573 3.15498 4.20449 5.25494 6.30325 7.35265
1.0428 0.00572 1.05507 2.10573 3.15497 4.20451 5.25489 6.30322 7.35263
1.0444 0.00570 1.05506 2.10572 3.15495 4.20453 5.25483 6.30319 7.35262
1.0460 0.00567 1.05504 2.10571 3.15493 4.20455 5.25478 6.30316 7.35260
1.0476 0.00565 1.05502 2.10570 3.15491 4.20458 5.25472 6.30314 7.35259
1.0492 0.00563 1.05500 2.10569 3.15489 4.20460 5.25467 6.30311 7.35257
1.0509 0.00561 1.05499 2.10568 3.15487 4.20462 5.25461 6.30308 7.35256
1.0525 0.00558 1.05497 2.10567 3.15484 4.20465 5.25456 6.30306 7.35254
1.0541 0.00556 1.05495 2.10565 3.15482 4.20468 5.25451 6.30303 7.35253
1.0557 0.00554 1.05493 2.10564 3.15479 4.20470 5.25446 6.30301 7.35251
1.0573 0.00552 1.05492 2.10562 3.15477 4.20473 5.25441 6.30298 7.35250
1.0589 0.00550 1.05490 2.10560 3.15474 4.20476 5.25436 6.30296 7.35249
1.0605 0.00548 1.05488 2.10557 3.15472 4.20479 5.25432 6.30294 7.35247
1.0621 0.00546 1.05487 2.10555 3.15469 4.20482 5.25427 6.30291 7.35246
1.0637 0.00544 1.05485 2.10553 3.15466 4.20486 5.25422 6.30289 7.35244
1.0653 0.00541 1.05483 2.10550 3.15463 4.20489 5.25418 6.30287 7.35243
1.0669 0.00539 1.05482 2.10547 3.15460 4.20492 5.25413 6.30285 7.35242
1.0685 0.00537 1.05480 2.10545 3.15457 4.20496 5.25409 6.30283 7.35240
1.0701 0.00535 1.05478 2.10542 3.15454 4.20499 5.25405 6.30281 7.35239
1.0717 0.00533 1.05477 2.10539 3.15451 4.20503 5.25400 6.30279 7.35238
1.0733 0.00531 1.05475 2.10535 3.15448 4.20506 5.25396 6.30277 7.35236
1.0749 0.00529 1.05474 2.10532 3.15445 4.20510 5.25392 6.30275 7.35235
1.0765 0.00527 1.05472 2.10529 3.15442 4.20513 5.25388 6.30273 7.35234
1.0781 0.00525 1.05470 2.10526 3.15439 4.20517 5.25384 6.30271 7.35233
1.0797 0.00523 1.05469 2.10522 3.15436 4.20520 5.25381 6.30269 7.35232
1.0813 0.00521 1.05467 2.10519 3.15433 4.20524 5.25377 6.30267 7.35230
1.0829 0.00519 1.05466 2.10515 3.15430 4.20527 5.25373 6.30265 7.35229
1.0845 0.00517 1.05464 2.10512 3.15427 4.20530 5.25370 6.30264 7.35228
1.0861 0.00515 1.05463 2.10508 3.15424 4.20533 5.25366 6.30262 7.35227
1.0877 0.00514 1.05461 2.10505 3.15421 4.20537 5.25363 6.30260 7.35226
1.0893 0.00512 1.05460 2.10501 3.15419 4.20539 5.25359 6.30259 7.35225
1.0909 0.00510 1.05458 2.10498 3.15416 4.20542 5.25356 6.30257 7.35223
1.0925 0.00508 1.05457 2.10494 3.15413 4.20545 5.25353 6.30256 7.35222
1.0941 0.00506 1.05455 2.10491 3.15410 4.20547 5.25350 6.30254 7.35221
1.0957 0.00504 1.05454 2.10487 3.15408 4.20549 5.25346 6.30252 7.35220
1.0973 0.00502 1.05453 2.10484 3.15405 4.20551 5.25343 6.30251 7.35219
1.0989 0.00500 1.05451 2.10481 3.15402 4.20552 5.25340 6.30249 7.35218
1.1005 0.00499 1.05450 2.10477 3.15400 4.20553 5.25337 6.30248 7.35217
1.1021 0.00497 1.05448 2.10474 3.15397 4.20554 5.25335 6.30247 7.35216
1.1037 0.00495 1.05447 2.10470 3.15395 4.20555 5.25332 6.30245 7.35215
1.1053 0.00493 1.05446 2.10467 3.15392 4.20555 5.25329 6.30244 7.35214
1.1069 0.00491 1.05444 2.10464 3.15390 4.20555 5.25326 6.30242 7.35213
1.1085 0.00490 1.05443 2.10461 3.15387 4.20554 5.25324 6.30241 7.35212
1.1101 0.00488 1.05442 2.10458 3.15385 4.20553 5.25321 6.30240 7.35211
1.1117 0.00486 1.05440 2.10455 3.15383 4.20552 5.25318 6.30239 7.35210
1.1133 0.00484 1.05439 2.10452 3.15381 4.20551 5.25316 6.30237 7.35209
1.1149 0.00482 1.05438 2.10449 3.15379 4.20549 5.25313 6.30236 7.35209
1.1165 0.00481 1.05437 2.10446 3.15376 4.20547 5.25311 6.30235 7.35208
1.1181 0.00479 1.05435 2.10443 3.15374 4.20544 5.25308 6.30234 7.35207
1.1197 0.00477 1.05434 2.10440 3.15372 4.20541 5.25306 6.30232 7.35206
1.1213 0.00476 1.05433 2.10437 3.15370 4.20538 5.25304 6.30231 7.35205
1.1229 0.00474 1.05432 2.10434 3.15368 4.20535 5.25302 6.30230 7.35204
1.1245 0.00472 1.05430 2.10432 3.15366 4.20531 5.25299 6.30229 7.35203
1.1261 0.00470 1.05429 2.10429 3.15364 4.20527 5.25297 6.30228 7.35202
1.1277 0.00469 1.05428 2.10427 3.15363 4.20523 5.25295 6.30227 7.35202
1.1293 0.00467 1.05427 2.10424 3.15361 4.20519 5.25293 6.30226 7.35201
1.1309 0.00465 1.05426 2.10422 3.15359 4.20515 5.25291 6.30224 7.35200
1.1325 0.00464 1.05425 2.10419 3.15357 4.20511 5.25289 6.30223 7.35199
1.1341 0.00462 1.05424 2.10417 3.15355 4.20506 5.25287 6.30222 7.35198
1.1357 0.00460 1.05422 2.10415 3.15354 4.20501 5.25285 6.30221 7.35198
1.1373 0.00459 1.05421 2.10412 3.15352 4.20497 5.25283 6.30220 7.35197
1.1389 0.00457 1.05420 2.10410 3.15350 4.20492 5.25281 6.30219 7.35196
1.1405 0.00456 1.05419 2.10408 3.15349 4.20487 5.25279 6.30218 7.35195
1.1421 0.00454 1.05418 2.10406 3.15347 4.20482 5.25278 6.30217 7.35195
1.1437 0.00452 1.05417 2.10404 3.15346 4.20478 5.25276 6.30216 7.35194
1.1453 0.00451 1.05416 2.10402 3.15344 4.20473 5.25274 6.30215 7.35193
1.1469 0.00449 1.05415 2.10400 3.15343 4.20468 5.25272 6.30214 7.35192
1.1485 0.00448 1.05414 2.10398 3.15341 4.20464 5.25271 6.30213 7.35192
1.1502 0.00446 1.05413 2.10396 3.15340 4.20459 5.25269 6.30212 7.35191
1.1518 0.00445 1.05412 2.10394 3.15338 4.20454 5.25267 6.30212 7.35190
1.1534 0.00443 1.05411 2.10392 3.15337 4.20450 5.25266 6.30211 7.35190
1.1550 0.00441 1.05410 2.10390 3.15336 4.20446 5.25264 6.30210 7.35189
1.1566 0.00440 1.05410 2.10388 3.15334 4.20441 5.25263 6.30209 7.35188
1.1582 0.00438 1.05409 2.10386 3.15333 4.20437 5.25261 6.30208 7.35187
1.1598 0.00437 1.05408 2.10384 3.15332 4.20433 5.25260 6.30207 7.35187
1.1614 0.00435 1.05407 2.10383 3.15331 4.20429 5.25258 6.30206 7.35186
1.1630 0.00434 1.05406 2.10381 3.15329 4.20425 5.25257 6.30205 7.35185
1.1646 0.00432 1.05405 2.10379 3.15328 4.20421 5.25255 6.30205 7.35185
1.1662 0.00431 1.05405 2.10377 3.15327 4.20417 5.25254 6.30204 7.35184
1.1678 0.00429 1.05404 2.10376 3.15326 4.20414 5.25253 6.30203 7.35183
1.1694 0.00428 1.05403 2.10374 3.15325 4.20410 5.25251 6.30202 7.35183
1.1710 0.00427 1.05402 2.10372 3.15324 4.20407 5.25250 6.30201 7.35182
1.1726 0.00425 1.05402 2.10371 3.15323 4.20403 5.25249 6.30200 7.35181
1.1742 0.00424 1.05401 2.10369 3.15321 4.20400 5.25247 6.30200 7.35181
1.1758 0.00422 1.05400 2.10368 3.15320 4.20397 5.25246 6.30199 7.35180
1.1774 0.00421 1.05400 2.10366 3.15319 4.20394 5.25245 6.30198 7.35180
1.1790 0.00419 1.05399 2.10364 3.15318 4.20391 5.25244 6.30197 7.35179
1.1806 0.00418 1.05399 2.10363 3.15317 4.20388 5.25242 6.30197 7.35178
1.1822 0.00417 1.05398 2.10361 3.15316 4.20385 5.25241 6.30196 7.35178
1.1838 0.00415 1.05398 2.10360 3.15315 4.20382 5.25240 6.30195 7.35177
1.1854 0.00414 1.05397 2.10358 3.15315 4.20379 5.25239 6.30194 7.35177
1.1870 0.00413 1.05397 2.10357 3.15314 4.20377 5.25238 6.30194 7.35176
1.1886 0.00411 1.05396 2.10355 3.15313 4.20374 5.25236 6.30193 7.35175
1.1902 0.00410 1.05396 2.10354 3.15312 4.20371 5.25235 6.30192 7.35175
1.1918 0.00408 1.05395 2.10352 3.15311 4.20369 5.25234 6.30191 7.35174
1.1934 0.00407 1.05395 2.10351 3.15310 4.20366 5.25233 6.30191 7.35174
1.1950 0.00406 1.05395 2.10350 3.15309 4.20364 5.25232 6.30190 7.35173
1.1966 0.00404 1.05394 2.10348 3.15309 4.20362 5.25231 6.30189 7.35172
1.1982 0.00403 1.05394 2.10347 3.15308 4.20359 5.25230 6.30189 7.35172
1.1998 0.00402 1.05394 2.10345 3.15307 4.20357 5.25229 6.30188 7.35171
1.2014 0.00401 1.05394 2.10344 3.15306 4.20355 5.25228 6.30187 7.35171
1.2030 0.00399 1.05394 2.10343 3.15306 4.20352 5.25227 6.30186 7.35170
1.2046 0.00398 1.05394 2.10342 3.15305 4.20350 5.25226 6.30186 7.35170
1.2062 0.00397 1.05393 2.10340 3.15304 4.20348 5.25225 6.30185 7.35169
1.2078 0.00395 1.05393 2.10339 3.15304 4.20346 5.25224 6.30184 7.35169
1.2094 0.00394 1.05393 2.10338 3.15303 4.20343 5.25223 6.30184 7.35168
1.2110 0.00393 1.05393 2.10337 3.15302 4.20341 5.25222 6.30183 7.35167
1.2126 0.00392 1.05394 2.10335 3.15302 4.20339 5.25221 6.30183 7.35167
1.2142 0.00390 1.05394 2.10334 3.15301 4.20337 5.25220 6.30182 7.35166
1.2158 0.00389 1.05394 2.10333 3.15301 4.20335 5.25219 6.30181 7.35166
1.2174 0.00388 1.05394 2.10332 3.15300 4.20332 5.25218 6.30181 7.35165
1.2190 0.00387 1.05394 2.10331 3.15300 4.20330 5.25217 6.30180 7.35165
1.2206 0.00386 1.05395 2.10330 3.15299 4.20328 5.25216 6.30179 7.35164
1.2222 0.00384 1.05395 2.10329 3.15299 4.20326 5.25215 6.30179 7.35164
1.2238 0.00383 1.05395 2.10328 3.15298 4.20324 5.25215 6.30178 7.35163
1.2254 0.00382 1.05396 2.10327 3.15298 4.20321 5.25214 6.30178 7.35163
1.2270 0.00381 1.05396 2.10326 3.15297 4.20319 5.25213 6.30177 7.35162
1.2286 0.00380 1.05397 2.10325 3.15297 4.20317 5.25212 6.30176 7.35162
1.2302 0.00379 1.05398 2.10324 3.15297 4.20315 5.25211 6.30176 7.35161
1.2318 0.00377 1.05398 2.10323 3.15296 4.20312 5.25210 6.30175 7.35161
1.2334 0.00376 1.05399 2.10322 3.15296 4.20310 5.25209 6.30175 7.35160
1.2350 0.00375 1.05400 2.10321 3.15295 4.20308 5.25209 6.30174 7.35160
1.2366 0.00374 1.05400 2.10320 3.15295 4.20306 5.25208 6.30173 7.35159
1.2382 0.00373 1.05401 2.10319 3.15295 4.20304 5.25207 6.30173 7.35159
1.2398 0.00372 1.05402 2.10318 3.15295 4.20301 5.25206 6.30172 7.35158
1.2414 0.00371 1.05403 2.10317 3.15294 4.20299 5.25205 6.30172 7.35158
1.2430 0.00369 1.05404 2.10316 3.15294 4.20297 5.25205 6.30171 7.35157
1.2446 0.00368 1.05405 2.10316 3.15294 4.20295 5.25204 6.30171 7.35157
1.2462 0.00367 1.05406 2.10315 3.15294 4.20293 5.25203 6.30170 7.35156
1.2478 0.00366 1.05407 2.10314 3.15294 4.20291 5.25202 6.30169 7.35156
1.2494 0.00365 1.05408 2.10313 3.15293 4.20289 5.25202 6.30169 7.35155
1.2511 0.00364 1.05409 2.10313 3.15293 4.20287 5.25201 6.30168 7.35155
1.2527 0.00363 1.05411 2.10312 3.15293 4.20285 5.25200 6.30168 7.35154
1.2543 0.00362 1.05412 2.10311 3.15293 4.20283 5.25199 6.30167 7.35154
1.2559 0.00361 1.05413 2.10311 3.15293 4.20281 5.25199 6.30167 7.35154
1.2575 0.00360 1.05414 2.10310 3.15293 4.20279 5.25198 6.30166 7.35153
1.2591 0.00359 1.05415 2.10309 3.15293 4.20277 5.25197 6.30166 7.35153
1.2607 0.00358 1.05416 2.10309 3.15293 4.20275 5.25196 6.30165 7.35152
1.2623 0.00357 1.05418 2.10308 3.15293 4.20273 5.25196 6.30165 7.35152
1.2639 0.00356 1.05419 2.10307 3.15294 4.20271 5.25195 6.30164 7.35151
1.2655 0.00355 1.05420 2.10307 3.15294 4.20269 5.25194 6.30164 7.35151
1.2671 0.00354 1.05421 2.10306 3.15294 4.20268 5.25194 6.30163 7.35150
1.2687 0.00353 1.05422 2.10306 3.15294 4.20266 5.25193 6.30163 7.35150
1.2703 0.00352 1.05423 2.10305 3.15294 4.20264 5.25192 6.30162 7.35149
1.2719 0.00351 1.05423 2.10305 3.15295 4.20263 5.25192 6.30161 7.35149
1.2735 0.00350 1.05424 2.10305 3.15295 4.20261 5.25191 6.30161 7.35149
1.2751 0.00349 1.05425 2.10304 3.15296 4.20259 5.25190 6.30160 7.35148
1.2767 0.00348 1.05425 2.10304 3.15296 4.20258 5.25190 6.30160 7.35148
1.2783 0.00347 1.05426 2.10303 3.15296 4.20256 5.25189 6.30159 7.35147
1.2799 0.00346 1.05426 2.10303 3.15297 4.20255 5.25188 6.30159 7.35147
1.2815 0.00345 1.05426 2.10303 3.15297 4.20253 5.25188 6.30159 7.35146
1.2831 0.00344 1.05426 2.10303 3.15298 4.20252 5.25187 6.30158 7.35146
1.2847 0.00343 1.05426 2.10302 3.15299 4.20250 5.25186 6.30158 7.35146
1.2863 0.00342 1.05425 2.10302 3.15299 4.20249 5.25186 6.30157 7.35145
1.2879 0.00341 1.05425 2.10302 3.15300 4.20247 5.25185 6.30157 7.35145
1.2895 0.00341 1.05424 2.10302 3.15301 4.20246 5.25185 6.30156 7.35144
1.2911 0.00340 1.05423 2.10302 3.15301 4.20245 5.25184 6.30156 7.35144
1.2927 0.00339 1.05422 2.10301 3.15302 4.20243 5.25183 6.30155 7.35143
1.2943 0.00338 1.05421 2.10301 3.15303 4.20242 5.25183 6.30155 7.35143
1.2959 0.00337 1.05420 2.10301 3.15304 4.20241 5.25182 6.30154 7.35143
1.2975 0.00336 1.05418 2.10301 3.15305 4.20239 5.25181 6.30154 7.35142
1.2991 0.00335 1.05416 2.10301 3.15306 4.20238 5.25181 6.30153 7.35142
1.3007 0.00335 1.05415 2.10301 3.15307 4.20237 5.25180 6.30153 7.35141
1.3023 0.00334 1.05413 2.10301 3.15308 4.20236 5.25180 6.30152 7.35141
1.3039 0.00333 1.05411 2.10301 3.15308 4.20235 5.25179 6.30152 7.35141
1.3055 0.00332 1.05408 2.10301 3.15309 4.20233 5.25179 6.30151 7.35140
1.3071 0.00331 1.05406 2.10302 3.15310 4.20232 5.25178 6.30151 7.35140
1.3087 0.00331 1.05403 2.10302 3.15311 4.20231 5.25177 6.30151 7.35139
1.3103 0.00330 1.05401 2.10302 3.15312 4.20230 5.25177 6.30150 7.35139
1.3119 0.00329 1.05398 2.10302 3.15313 4.20229 5.25176 6.30150 7.35139
1.3135 0.00328 1.05396 2.10302 3.15314 4.20228 5.25176 6.30149 7.35138
1.3151 0.00327 1.05393 2.10303 3.15315 4.20227 5.25175 6.30149 7.35138
1.3167 0.00327 1.05390 2.10303 3.15316 4.20226 5.25175 6.30148 7.35138
1.3183 0.00326 1.05387 2.10303 3.15316 4.20225 5.25174 6.30148 7.35137
1.3199 0.00325 1.05384 2.10303 3.15317 4.20224 5.25173 6.30148 7.35137
1.3215 0.00325 1.05381 2.10304 3.15318 4.20223 5.25173 6.30147 7.35136
1.3231 0.00324 1.05378 2.10304 3.15318 4.20222 5.25172 6.30147 7.35136
1.3247 0.00323 1.05375 2.10304 3.15319 4.20221 5.25172 6.30146 7.35136
1.3263 0.00322 1.05372 2.10305 3.15319 4.20220 5.25171 6.30146 7.35135
1.3279 0.00322 1.05370 2.10305 3.15319 4.20219 5.25171 6.30145 7.35135
1.3295 0.00321 1.05367 2.10305 3.15319 4.20218 5.25170 6.30145 7.35135
1.3311 0.00320 1.05364 2.10305 3.15319 4.20217 5.25170 6.30145 7.35134
1.3327 0.00320 1.05361 2.10306 3.15319 4.20216 5.25169 6.30144 7.35134
1.3343 0.00319 1.05358 2.10306 3.15319 4.20215 5.25169 6.30144 7.35133
1.3359 0.00319 1.05355 2.10306 3.15319 4.20214 5.25168 6.30143 7.35133
1.3375 0.00318 1.05352 2.10306 3.15318 4.20213 5.25168 6.30143 7.35133
1.3391 0.00317 1.05350 2.10307 3.15318 4.20213 5.25167 6.30143 7.35132
1.3407 0.00317 1.05347 2.10307 3.15317 4.20212 5.25167 6.30142 7.35132
1.3423 0.00316 1.05344 2.10307 3.15316 4.20211 5.25166 6.30142 7.35132
1.3439 0.00316 1.05342 2.10307 3.15315 4.20210 5.25166 6.30141 7.35131
1.3455 0.00315 1.05339 2.10307 3.15314 4.20209 5.25165 6.30141 7.35131
1.3471 0.00315 1.05337 2.10307 3.15313 4.20208 5.25165 6.30141 7.35131
1.3487 0.00314 1.05334 2.10307 3.15312 4.20208 5.25164 6.30140 7.35130
1.3504 0.00314 1.05332 2.10306 3.15310 4.20207 5.25164 6.30140 7.35130
1.3520 0.00313 1.05329 2.10306 3.15309 4.20206 5.25163 6.30139 7.35130
1.3536 0.00313 1.05327 2.10306 3.15307 4.20205 5.25163 6.30139 7.35129
1.3552 0.00312 1.05325 2.10305 3.15305 4.20205 5.25162 6.30139 7.35129
1.3568 0.00312 1.05323 2.10305 3.15303 4.20204 5.25162 6.30138 7.35128
1.3584 0.00311 1.05320 2.10304 3.15301 4.20203 5.25161 6.30138 7.35128
1.3600 0.00311 1.05318 2.10303 3.15300 4.20202 5.25161 6.30137 7.35128
1.3616 0.00310 1.05316 2.10303 3.15298 4.20202 5.25160 6.30137 7.35127
1.3632 0.00310 1.05314 2.10302 3.15295 4.20201 5.25160 6.30137 7.35127
1.3648 0.00310 1.05312 2.10301 3.15293 4.20200 5.25159 6.30136 7.35127
1.3664 0.00309 1.05310 2.10300 3.15291 4.20199 5.25159 6.30136 7.35126
1.3680 0.00309 1.05308 2.10299 3.15289 4.20199 5.25159 6.30136 7.35126
1.3696 0.00309 1.05306 2.10298 3.15287 4.20198 5.25158 6.30135 7.35126
1.3712 0.00309 1.05305 2.10296 3.15285 4.20197 5.25158 6.30135 7.35125
1.3728 0.00308 1.05303 2.10295 3.15283 4.20197 5.25157 6.30134 7.35125
1.3744 0.00308 1.05301 2.10294 3.15280 4.20196 5.25157 6.30134 7.35125
1.3760 0.00308 1.05299 2.10292 3.15278 4.20195 5.25156 6.30134 7.35124
1.3776 0.00308 1.05297 2.10291 3.15276 4.20195 5.25156 6.30133 7.35124
1.3792 0.00308 1.05296 2.10289 3.15274 4.20194 5.25155 6.30133 7.35124
1.3808 0.00307 1.05294 2.10288 3.15272 4.20193 5.25155 6.30133 7.35123
1.3824 0.00307 1.05293 2.10286 3.15270 4.20193 5.25154 6.30132 7.35123
1.3840 0.00307 1.05291 2.10284 3.15268 4.20192 5.25154 6.30132 7.35123
1.3856 0.00307 1.05289 2.10283 3.15266 4.20191 5.25154 6.30132 7.35123
1.3872 0.00307 1.05288 2.10281 3.15264 4.20191 5.25153 6.30131 7.35122
1.3888 0.00307 1.05286 2.10279 3.15262 4.20190 5.25153 6.30131 7.35122
1.3904 0.00307 1.05285 2.10278 3.15260 4.20189 5.25152 6.30131 7.35122
1.3920 0.00307 1.05284 2.10276 3.15258 4.20189 5.25152 6.30130 7.35121
1.3936 0.00307 1.05282 2.10274 3.15256 4.20188 5.25151 6.30130 7.35121
1.3952 0.00307 1.05281 2.10273 3.15254 4.20188 5.25151 6.30129 7.35121
1.3968 0.00307 1.05279 2.10271 3.15253 4.20187 5.25151 6.30129 7.35120
1.3984 0.00308 1.05278 2.10269 3.15251 4.20186 5.25150 6.30129 7.35120
1.4000 0.00308 1.05277 2.10268 3.15249 4.20186 5.25150 6.30128 7.35120
