x y
0.18 21.0661
0.18 16.1609
0.18 29.9509
0.18 21.3021
0.18 33.7276
0.18 15.0551
0.18 57.2786
0.18 36.14
0.18 16.9145
0.18 19.0544
0.18 27.0142
0.18 17.8042
0.18 31.2654
0.18 22.3655
0.18 43.2728
0.18 22.3768
0.18 18.5343
0.18 18.5343
0.18 23.621
0.18 23.621
0.18 26.4519
0.18 26.4518
0.18 23.605
0.18 23.6049
0.18 19.0544
0.18 16.9145
0.18 17.8042
0.18 27.0142
0.18 22.3655
0.18 31.2654
0.18 22.3768
0.18 43.2728
0.18 16.1609
0.18 21.0661
0.18 21.3021
0.18 29.951
0.18 15.0552
0.18 33.7281
0.18 36.1395
0.18 57.2786
0.18 19.0544
0.18 16.9145
0.18 17.8042
0.18 27.0142
0.18 22.3655
0.18 31.2655
0.18 22.377
0.18 43.2728
0.18 18.5343
0.18 18.5343
0.18 23.621
0.18 23.621
0.18 26.4519
0.18 26.4518
0.18 23.605
0.18 23.6049
0.18 16.9145
0.18 19.0544
0.18 27.0142
0.18 17.8042
0.18 31.2655
0.18 22.3655
0.18 43.2728
0.18 22.3766
