x y
0.2 49.8248
0.3 318.87
0.4 1711.11
0.5 23343.7
0.6 1.69421e+06
0.5 12.7753
0.7 22.236
0.85 17.8403
0.9 21.0589
0.95 17.1586
0.99 412.615
0.9 96.8779
0.253333 81.0059
0.363333 255.568
0.426667 378.609
0.523333 468.313
0.603333 372.081
0.666667 189.754
0.706667 118.072
0.743333 89.2611
0.766667 74.6724
0.786667 45.7905
0.796667 43.7884
0.806667 41.198
0.816667 23.7496
0.2 93.1231
0.3 615.266
0.4 3328.79
0.5 46080.7
0.6 3.66454e+06
0.5 41.7732
0.7 91.9911
0.85 72.3407
0.9 87.9334
0.95 62.1204
0.99 1683.44
0.25 129.743
0.353333 468.392
0.446667 791.615
0.516667 950.807
0.603333 754.562
0.673333 697.858
0.733333 241.717
0.75 194.424
0.776667 156.243
0.783333 214.216
0.796667 150.131
0.806667 119.939
0.82 97.4302
0.4 90.2297
0.5 585.025
0.6 10135.7
0.85 9.27405
0.9 15.3767
0.95 5.44559
0.99 104.458
0.396667 54.0749
0.51 138.772
0.626667 224.584
0.723333 203.105
0.783333 116.317
0.836667 65.268
0.88 31.8796
0.89 25.7707
0.916667 10.4759
0.926667 9.29355
0.93 8.90004
0.933333 8.85349
0.946667 6.32915
0.3 46.1917
0.4 107.882
0.5 402.828
0.6 3873.78
0.7 14.3554
0.85 25.8868
0.9 48.9848
0.95 18.8182
0.366667 41.0102
0.543333 71.1286
0.646667 53.7715
0.72 35.4202
0.75 28.5736
0.783333 24.5204
0.816667 25.0128
0.85 21.7539
0.863333 28.2299
0.88 22.1051
0.896667 22.0388
0.903333 20.3088
0.903333 20.3088
0.75 2.25162
0.75 59.622
0.75 35.9
0.349567 3.04725
0.75 2.10105
0.75 3.21755
0.75 32.7313
0.75 448.391
0.75 30.7605
0.349567 20.7486
0.75 216624
0.75 5.86356
0.75 206.435
0.75 4.80414
0.75 10.0259
0.7 23.022
0.7 13.5
0.85 17.7946
0.85 20.677
0.95 100.346
0.95 17.0923
0.7 15.5261
0.7 10.5197
0.85 21.0475
0.85 15.9495
0.95 21.1456
0.95 16.7192
0.7 10.5197
0.7 15.4661
0.85 15.9495
0.85 21.0475
0.95 16.7192
0.95 21.1456
0.7 13.5
0.7 22.4512
0.85 20.6763
0.85 17.818
0.95 17.0566
0.95 100.335
0.7 10.523
0.7 15.4969
0.85 15.9495
0.85 21.0475
0.95 16.7192
0.95 21.1456
0.7 15.4962
0.7 10.5211
0.85 21.0535
0.85 15.9495
0.95 21.1456
0.95 16.7192
0.5 21.0661
0.5 16.1609
0.7 29.951
0.7 21.3022
0.85 33.728
0.85 15.0558
0.95 57.2787
0.95 36.1383
0.5 16.9145
0.5 19.0544
0.7 27.0142
0.7 17.8042
0.85 31.2655
0.85 22.3655
0.95 43.2728
0.95 22.3768
0.5 18.5343
0.5 18.5343
0.7 23.621
0.7 23.621
0.85 26.4518
0.85 26.4518
0.95 23.6049
0.95 23.6054
0.5 19.0544
0.5 16.9145
0.7 17.8042
0.7 27.0142
0.85 22.3655
0.85 31.2655
0.95 22.3768
0.95 43.2728
0.5 16.1609
0.5 21.0661
0.7 21.3021
0.7 29.9511
0.85 15.0552
0.85 33.7282
0.95 36.1416
0.95 57.2786
0.5 19.0544
0.5 16.9145
0.7 17.8042
0.7 27.0142
0.85 22.3654
0.85 31.2654
0.95 22.3768
0.95 43.2728
0.5 18.5343
0.5 18.5343
0.7 23.621
0.7 23.621
0.85 26.4518
0.85 26.4518
0.95 23.6051
0.95 23.605
0.5 16.9145
0.5 19.0544
0.7 27.0142
0.7 17.8042
0.85 31.2655
0.85 22.3655
0.95 43.2728
0.95 22.3769
0.25 59.97
0.343333 185.374
0.453333 294.113
0.54 260.529
0.603333 230.065
0.67 86.4935
0.713333 80.9267
0.75 53.9868
0.773333 32.1844
0.8 16.7308
0.81 15.0629
0.81 15.0629
0.816667 11.651
0.253333 78.9272
0.323333 161.885
0.433333 317.014
0.513333 433.031
0.58 393.781
0.643333 188.467
0.693333 86.0295
0.733333 68.3965
0.77 39.142
0.776667 37.4336
0.786667 25.9244
0.8 20.8835
0.803333 18.6181
0.25 58.2951
0.326667 117.927
0.433333 137.617
0.536667 262.265
0.596667 219.514
0.676667 70.3923
0.716667 43.3175
0.75 29.1292
0.776667 19.6207
0.793333 17.0469
0.796667 16.4203
0.81 16.7864
0.813333 14.9605
0.253333 51.107
0.356667 125.164
0.436667 160.114
0.516667 172.839
0.586667 153.928
0.67 48.2768
0.713333 32.2895
0.74 25.0175
0.76 18.4425
0.783333 15.9416
0.79 14.6913
0.796667 13.9455
0.8 13.5107
0.23 44.9849
0.33 89.669
0.436667 201.982
0.513333 229.252
0.583333 254.685
0.65 106.358
0.7 72.3626
0.74 54.4892
0.766667 25.2791
0.783333 19.7058
0.783333 19.7058
0.79 19.48
0.79 19.48
0.263333 59.4591
0.376667 219.171
0.466667 340.255
0.52 381.777
0.61 245.458
0.663333 134.038
0.706667 109.668
0.75 50.4884
0.786667 29.14
0.79 24.845
0.8 20.8906
0.81 17.1724
0.816667 22.8195
0.276667 71.7041
0.363333 335.05
0.45 419.944
0.53 517.858
0.613333 469.307
0.67 190.44
0.713333 140.31
0.746667 71.2774
0.766667 51.9306
0.783333 39.5225
0.79 35.6454
0.796667 34.1295
0.81 25.6527
0.233333 61.1217
0.353333 261.739
0.463333 285.586
0.543333 386.89
0.603333 559.246
0.676667 207.26
0.706667 129.644
0.726667 110.999
0.763333 60.3632
0.78 45.4636
0.79 40.5328
0.793333 40.1146
0.816667 29.3188
0.5 9.49782
0.7 9.54082
0.85 9.07975
0.95 10.1309
