x y
0.05 0.485783
0.1 0.498102
0.2 0.308721
0.3 0.30059
0.4 0.331387
0.5 0.321625
0.6 0.279196
0.666667 0.180558
0.7 0.178817
0.8 0.157511
0.9 0.131416
0.95 0.0781264
0.99 0.0552192
0.1 0.485397
0.2 0.339419
0.3 0.276987
0.5 0.116869
0.7 0.0305095
0.85 0.00241244
0.9 0.00129448
0.95 0.000299871
0.99 3.14296e-05
0.1 0.995582
0.1 0.766915
0.1 0.798288
0.1 0.768323
0.3 0.629664
0.3 0.655923
0.3 0.801913
0.3 0.926317
0.5 0.806115
0.5 0.630029
0.5 0.571112
0.5 0.513623
0.7 0.348494
0.7 0.47483
0.7 0.378256
0.7 0.254822
0.9 0.227402
0.9 0.306005
0.9 0.264394
0.9 0.228819
0.253333 0.269445
0.363333 0.264918
0.426667 0.256329
0.523333 0.267541
0.603333 0.18479
0.666667 0.0859559
0.706667 0.0501999
0.743333 0.0313268
0.766667 0.0230508
0.786667 0.0141331
0.796667 0.0135152
0.806667 0.0118537
0.816667 0.00683336
0.666667 0.180558
0.933333 0.0064342
0.05 0.707612
0.1 0.760803
0.2 0.577003
0.3 0.579994
0.4 0.644678
0.5 0.63489
0.6 0.603897
0.666667 0.504958
0.7 0.506055
0.8 0.469593
0.9 0.410969
0.95 0.262017
0.99 0.210831
0.1 0.700577
0.2 0.587866
0.3 0.535246
0.5 0.382141
0.7 0.126219
0.85 0.00884437
0.9 0.00244961
0.95 0.000363988
0.99 3.74906e-05
0.1 0.873908
0.1 0.997961
0.1 0.857546
0.1 0.999391
0.3 0.789517
0.3 0.908455
0.3 0.952067
0.3 0.951727
0.5 0.759147
0.5 0.689287
0.5 0.740348
0.5 0.68066
0.7 0.546998
0.7 0.836182
0.7 0.657096
0.7 0.54393
0.9 0.479002
0.9 0.495997
0.9 0.450246
0.9 0.417343
0.25 0.449489
0.353333 0.555007
0.446667 0.551472
0.516667 0.611389
0.603333 0.460834
0.673333 0.376244
0.733333 0.127864
0.75 0.102828
0.776667 0.0826348
0.783333 0.0720399
0.796667 0.0484611
0.806667 0.0387154
0.82 0.0314497
0.666667 0.504958
0.933333 0.0319945
0.05 0.720614
0.1 0.595283
0.2 0.462019
0.3 0.342335
0.4 0.38313
0.5 0.355847
0.6 0.351377
0.666667 0.291134
0.7 0.286699
0.8 0.255224
0.9 0.213376
0.95 0.138254
0.99 0.0898365
0.1 0.716893
0.2 0.493129
0.3 0.367787
0.5 0.293028
0.7 0.106478
0.85 0.0196647
0.9 0.00698214
0.95 0.00203831
0.99 0.00036215
0.1 0.964346
0.1 0.968812
0.1 0.940817
0.1 0.985793
0.3 0.835487
0.3 0.724711
0.3 0.916483
0.3 0.862129
0.5 0.835371
0.5 0.606524
0.5 0.709222
0.5 0.837806
0.7 0.682778
0.7 0.510328
0.7 0.47945
0.7 0.609263
0.9 0.320921
0.9 0.235498
0.9 0.425237
0.9 0.227756
0.396667 0.36863
0.51 0.330129
0.626667 0.309488
0.723333 0.192658
0.783333 0.107228
0.836667 0.0584437
0.88 0.0274825
0.89 0.0222161
0.916667 0.00868372
0.926667 0.00770368
0.93 0.00737735
0.933333 0.00733876
0.946667 0.00496449
0.666667 0.291134
0.933333 0.0133544
0.05 0.466705
0.1 0.471805
0.2 0.438571
0.3 0.409293
0.4 0.327624
0.5 0.249106
0.6 0.216034
0.666667 0.215743
0.7 0.197809
0.8 0.19571
0.9 0.170018
0.95 0.0919521
0.99 0.0530106
0.1 0.486911
0.2 0.501001
0.3 0.310029
0.5 0.191716
0.7 0.0456412
0.85 0.0134673
0.9 0.00548777
0.95 0.00122489
0.1 0.75348
0.1 0.874151
0.1 0.699506
0.1 0.752366
0.3 0.724997
0.3 0.918175
0.3 0.646664
0.3 0.932647
0.5 0.568051
0.5 0.493094
0.5 0.447784
0.5 0.588547
0.7 0.534798
0.7 0.398536
0.7 0.431239
0.7 0.343078
0.9 0.203434
0.9 0.279111
0.9 0.227617
0.9 0.269489
0.366667 0.309643
0.543333 0.2385
0.646667 0.158378
0.72 0.0912595
0.75 0.0598081
0.783333 0.0316171
0.816667 0.0230772
0.85 0.0185683
0.863333 0.0166325
0.88 0.0126139
0.896667 0.00945059
0.903333 0.0082398
0.903333 0.0082398
0.666667 0.215743
0.0995671 0.540411
0.349567 0.124673
0.75 0.00808641
0.0995671 0.855113
0.349567 0.788322
0.75 0.462011
0.0995671 0.999881
0.349567 0.987769
0.75 0.746348
0.0995671 0.620936
0.349567 0.318551
0.75 0.0328847
0.0995671 0.517732
0.349567 0.111672
0.75 0.442355
0.0995671 0.830712
0.349567 0.4152
0.75 0.0753575
0.0995671 0.163603
0.349567 0.533974
0.75 0.0294651
0.0995671 0.913946
0.349567 0.681358
0.75 0.220939
0.0995671 0.999983
0.349567 0.99636
0.75 0.882393
0.0995671 0.237699
0.349567 0.0523174
0.75 0.22849
0.0995671 0.641497
0.349567 0.155699
0.75 0.0173893
0.0995671 0.563109
0.349567 0.601344
0.75 0.299263
0.0995671 0.253317
0.349567 0.0155015
0.75 0.000763494
0.0995671 0.968558
0.349567 0.834339
0.75 0.26246
0.0995671 1
0.349567 0.999767
0.75 0.987865
0.0995671 0.602576
0.349567 0.0872926
0.75 0.00610175
0.0995671 0.0991367
0.349567 0.462937
0.75 0.0484202
0.0995671 0.569408
0.349567 0.336204
0.75 0.0569722
0.0995671 0.72811
0.349567 0.413149
0.75 0.163676
0.0995671 0.906568
0.349567 0.578282
0.75 0.551775
0.0995671 0.999996
0.349567 0.996694
0.75 0.871616
0.0995671 0.340934
0.349567 0.544015
0.75 0.305651
0.0995671 0.432915
0.349567 0.130006
0.75 0.0189687
0.0995671 0.691219
0.349567 0.610804
0.75 0.193482
0.0995671 0.297357
0.349567 0.0434262
0.75 0.563537
0.0995671 0.951509
0.349567 0.711385
0.75 0.317196
0.0995671 1
0.349567 0.999947
0.75 0.992629
0.0995671 0.48631
0.349567 0.0996879
0.75 0.00712928
0.0995671 0.891044
0.349567 0.597182
0.75 0.129871
0.0995671 0.965782
0.349567 0.373348
0.75 0.730718
0.1 0.787581
0.35 0.57661
0.75 0.183362
0.1 1
0.35 1
0.75 1
0.1 1
0.35 1
0.75 1
0.1 0.881369
0.35 0.787581
0.75 0.128123
0.1 0.435378
0.35 0.098263
0.75 0.881369
0.1 1
0.35 1
0.1 0.195201
0.35 0.946871
0.75 0.741449
0.1 1
0.35 1
0.75 0.0103578
0.1 1
0.35 1
0.75 1
0.1 0.453055
0.35 0.0655061
0.75 0.728698
0.1 0.877421
0.35 0.648685
0.75 0.361957
0.1 1
0.35 1
0.1 0.365427
0.35 0.125832
0.75 0.0313615
0.1 0.781323
0.35 0.46637
0.75 0.151787
0.1 0.998999
0.35 0.962614
0.75 0.607936
0.1 0.847596
0.35 0.486674
0.75 0.169595
0.1 0.500533
0.35 0.276128
0.75 0.123465
0.1 0.82489
0.35 0.463269
0.75 0.125674
0.1 0.581188
0.35 0.297221
0.75 0.0894738
0.1 0.870758
0.35 0.503937
0.75 0.257215
0.1 0.998951
0.35 0.948701
0.75 0.531163
0.1 0.822834
0.35 0.547877
0.75 0.211319
0.1 0.552337
0.35 0.208964
0.75 0.0601552
0.1 0.799579
0.35 0.452137
0.75 0.147454
0.5 0.162261
0.5 0.236558
0.7 0.0484697
0.7 0.0624632
0.85 0.00411663
0.85 0.0122792
0.95 0.00103122
0.95 0.00103238
0.5 0.326829
0.5 0.401632
0.7 0.0531422
0.7 0.0721859
0.85 0.0198864
0.85 0.0271152
0.95 0.00292781
0.95 0.00354058
0.5 0.401632
0.5 0.326829
0.7 0.0721859
0.7 0.0529371
0.85 0.0271152
0.85 0.0198864
0.95 0.00354058
0.95 0.00292781
0.5 0.235067
0.5 0.162573
0.7 0.0624632
0.7 0.0472681
0.85 0.0122787
0.85 0.00412204
0.95 0.00103275
0.95 0.00103138
0.5 0.401632
0.5 0.326829
0.7 0.072209
0.7 0.0530424
0.85 0.0271152
0.85 0.0198864
0.95 0.00354058
0.95 0.00292781
0.5 0.326829
0.5 0.401632
0.7 0.0530401
0.7 0.0721956
0.85 0.0198921
0.85 0.0271152
0.95 0.00292807
0.95 0.00354058
0.5 0.0518089
0.5 0.0496496
0.7 0.00980537
0.7 0.00631173
0.85 0.00186206
0.85 0.00110579
0.95 0.000217148
0.95 0.000153619
0.5 0.0725248
0.5 0.0619762
0.7 0.0134445
0.7 0.00855876
0.85 0.00286545
0.85 0.00154769
0.95 0.000529359
0.95 0.000354725
0.5 0.0852586
0.5 0.0852586
0.7 0.0123256
0.7 0.0123256
0.85 0.00237587
0.85 0.00237587
0.95 0.000425414
0.95 0.00042542
0.5 0.0619762
0.5 0.0725248
0.7 0.00855876
0.7 0.0134445
0.85 0.00154769
0.85 0.00286545
0.95 0.000354725
0.95 0.000529359
0.5 0.0496496
0.5 0.0518089
0.7 0.0063117
0.7 0.00980543
0.85 0.00110575
0.85 0.00186207
0.95 0.000153626
0.95 0.000217148
0.5 0.0619762
0.5 0.0725248
0.7 0.00855876
0.7 0.0134445
0.85 0.00154769
0.85 0.00286544
0.95 0.000354725
0.95 0.000529359
0.5 0.0852586
0.5 0.0852586
0.7 0.0123256
0.7 0.0123256
0.85 0.00237587
0.85 0.00237587
0.95 0.000425416
0.95 0.000425415
0.5 0.0725248
0.5 0.0619762
0.7 0.0134445
0.7 0.00855876
0.85 0.00286545
0.85 0.00154769
0.95 0.000529359
0.95 0.000354726
0.25 0.273744
0.343333 0.310746
0.453333 0.288254
0.54 0.238444
0.603333 0.207708
0.67 0.0720296
0.713333 0.0517747
0.75 0.0344845
0.773333 0.0205537
0.8 0.0102887
0.81 0.008037
0.81 0.008037
0.816667 0.00621653
0.253333 0.322521
0.323333 0.259904
0.433333 0.26134
0.513333 0.288706
0.58 0.226567
0.643333 0.0985459
0.693333 0.0421255
0.733333 0.0283517
0.77 0.0162181
0.776667 0.0155102
0.786667 0.0107415
0.8 0.00862044
0.803333 0.00768005
0.25 0.280462
0.326667 0.274007
0.433333 0.254736
0.536667 0.299522
0.596667 0.241414
0.676667 0.0641441
0.716667 0.0359014
0.75 0.0241406
0.776667 0.0162475
0.793333 0.0141162
0.796667 0.0135973
0.81 0.0122846
0.813333 0.0109478
0.253333 0.275473
0.356667 0.271419
0.436667 0.285916
0.516667 0.249304
0.586667 0.216849
0.67 0.0635939
0.713333 0.0399062
0.74 0.0293636
0.76 0.021644
0.783333 0.0163673
0.79 0.0149897
0.796667 0.014207
0.8 0.0137641
0.23 0.285819
0.33 0.259621
0.436667 0.283875
0.513333 0.254446
0.583333 0.1947
0.65 0.0758288
0.7 0.0496124
0.74 0.033871
0.766667 0.0157137
0.783333 0.0119831
0.783333 0.0119831
0.79 0.0118458
0.79 0.0118458
0.263333 0.289954
0.376667 0.236211
0.466667 0.266779
0.52 0.281867
0.61 0.178444
0.663333 0.0920246
0.706667 0.0556274
0.75 0.023155
0.786667 0.0133532
0.79 0.0113851
0.8 0.00957295
0.81 0.00786914
0.816667 0.0060624
0.276667 0.264039
0.363333 0.319293
0.45 0.251158
0.53 0.24988
0.613333 0.204212
0.67 0.0776336
0.713333 0.0509435
0.746667 0.0213253
0.766667 0.0155344
0.783333 0.0118227
0.79 0.0106628
0.796667 0.0102094
0.81 0.00767367
0.233333 0.312483
0.353333 0.300725
0.463333 0.241546
0.543333 0.286263
0.603333 0.235875
0.676667 0.0722489
0.706667 0.0446993
0.726667 0.0380981
0.763333 0.0173074
0.78 0.0130331
0.79 0.0116196
0.793333 0.0114997
0.816667 0.00839655
0.5 0.0110559
0.7 0.00118753
0.85 0.000207441
0.95 1.18325e-05
