
======================================================================================================================
C3 GRID -- Theorem B certificate vs measured error.  Protocol K=18,dt=0.5,sub=16 (repo).  Full reorthogonalisation.
cert = min{leak bound, trivial 1+w_S}.  relL1 = ||A - A_K||_1/||phi||^2 (whole line).
======================================================================================================================

  L    FR   |S|/D    w_S        eta   Lam/eta   B_leak  triv   cert    relL1     slack   in/out    conv
  ------------------------------------------------------------------------------------------------------------------
  6  0.18  0.180  0.83644672  0.10   27.4534  53.3360 1.836  1.8364 1.215e+00      1.5 1.05e-32  CONVERGED
  6  0.18  0.180  0.83644672  0.15   18.5078  36.2089 1.836  1.8364 1.042e+00      1.8 6.91e-33  CONVERGED
  6  0.18  0.180  0.83644672  0.18   15.5019  30.4538 1.836  1.8364 9.629e-01      1.9 5.73e-33  CONVERGED
  6  0.18  0.180  0.83644672  0.25   11.2635  22.3392 1.836  1.8364 8.230e-01      2.2 4.14e-33  CONVERGED
  6  0.20  0.200  0.85757225  0.10   26.5938  51.9478 1.858  1.8576 1.185e+00      1.6 7.37e-32  CONVERGED
  6  0.20  0.200  0.85757225  0.15   18.0142  35.4231 1.858  1.8576 1.007e+00      1.8 4.94e-32  CONVERGED
  6  0.20  0.200  0.85757225  0.18   15.0964  29.8034 1.858  1.8576 9.268e-01      2.0 4.10e-32  CONVERGED
  6  0.20  0.200  0.85757225  0.25   10.9527  21.8223 1.858  1.8576 7.852e-01      2.4 2.92e-32  CONVERGED
  6  0.30  0.300  0.93901708  0.10   22.1755  44.1504 1.939  1.9390 8.681e-01      2.2 1.53e-75  CONVERGED
  6  0.30  0.300  0.93901708  0.15   14.7063  29.4434 1.939  1.9390 6.870e-01      2.8 4.96e-76  CONVERGED
  6  0.30  0.300  0.93901708  0.18   12.2079  24.5240 1.939  1.9390 6.085e-01      3.2 2.86e-76  CONVERGED
  6  0.30  0.300  0.93901708  0.25    8.7102  17.6368 1.939  1.9390 4.793e-01      4.0 9.20e-77  CONVERGED
  6  0.40  0.400  0.96685912  0.10   17.8760  35.8143 1.967  1.9669 8.963e-01      2.2 3.31e-64  CONVERGED
  6  0.40  0.400  0.96685912  0.15   11.9276  24.0169 1.967  1.9669 6.826e-01      2.9 4.28e-65  CONVERGED
  6  0.40  0.400  0.96685912  0.18    9.9331  20.0613 1.967  1.9669 5.865e-01      3.4 1.37e-65  CONVERGED
  6  0.40  0.400  0.96685912  0.25    7.1338  14.5095 1.967  1.9669 4.285e-01      4.6 1.18e-66  CONVERGED
  6  0.50  0.500  0.98208445  0.10   13.7510  27.6447 1.982  1.9821 6.971e-01      2.8 4.29e-63  CONVERGED
  6  0.50  0.500  0.98208445  0.15    9.0941  18.3729 1.982  1.9821 4.597e-01      4.3 8.49e-64  CONVERGED
  6  0.50  0.500  0.98208445  0.18    7.5376  15.2738 1.982  1.9821 3.720e-01      5.3 3.46e-64  CONVERGED
  6  0.50  0.500  0.98208445  0.25    5.3609  10.9400 1.982  1.9821 2.485e-01      8.0 4.84e-65  CONVERGED
  6  0.60  0.600  0.98947643  0.10   10.2428  20.6362 1.989  1.9895 3.877e-01      5.1 1.45e-61  CONVERGED
  6  0.60  0.600  0.98947643  0.15    6.8387  13.8460 1.989  1.9895 2.446e-01      8.1 9.63e-62  CONVERGED
  6  0.60  0.600  0.98947643  0.18    5.7037  11.5820 1.989  1.9895 1.968e-01     10.1 8.02e-62  CONVERGED
  6  0.60  0.600  0.98947643  0.25    4.1162   8.4153 1.989  1.9895 1.346e-01     14.8 5.76e-62  CONVERGED
  6  0.70  0.700  0.99546640  0.10    6.9412  14.0011 1.995  1.9955 1.942e-01     10.3 3.73e-55  CONVERGED
  6  0.70  0.700  0.99546640  0.15    4.6386   9.4011 1.995  1.9955 1.187e-01     16.8 3.30e-57  CONVERGED
  6  0.70  0.700  0.99546640  0.18    3.8733   7.8724 1.995  1.9955 9.444e-02     21.1 3.00e-58  CONVERGED
  6  0.70  0.700  0.99546640  0.25    2.8045   5.7371 1.995  1.9955 6.231e-02     32.0 0.00e+00  CONVERGED
  6  0.80  0.800  0.99889721  0.10    5.0839  10.2314 1.999  1.9989 9.990e-02     20.0 9.63e-34  CONVERGED
  6  0.80  0.800  0.99889721  0.15    3.3119   6.6884 1.999  1.9989 5.868e-02     34.1 0.00e+00  CONVERGED
  6  0.80  0.800  0.99889721  0.18    2.7206   5.5060 1.999  1.9989 4.516e-02     44.3 5.27e-36  CONVERGED
  6  0.80  0.800  0.99889721  0.25    1.8952   3.8557 1.999  1.9989 2.779e-02     71.9 0.00e+00  CONVERGED
  6  0.85  0.850  0.99914596  0.10    4.0207   8.0982 1.999  1.9991 6.183e-02     32.3 1.54e-32  CONVERGED
  6  0.85  0.850  0.99914596  0.15    2.5866   5.2305 1.999  1.9991 3.578e-02     55.9 0.00e+00  CONVERGED
  6  0.85  0.850  0.99914596  0.18    2.1092   4.2759 1.999  1.9991 2.722e-02     73.4 0.00e+00  CONVERGED
  6  0.85  0.850  0.99914596  0.25    1.4465   2.9509 1.999  1.9991 1.613e-02    123.9 0.00e+00  CONVERGED
  6  0.90  0.900  0.99955404  0.10    2.3671   4.7759 2.000  1.9996 2.181e-02     91.7 6.74e-36  CONVERGED
  6  0.90  0.900  0.99955404  0.15    1.5333   3.1085 2.000  1.9996 1.266e-02    157.9 3.61e-37  CONVERGED
  6  0.90  0.900  0.99955404  0.18    1.2572   2.5564 2.000  1.9996 9.649e-03    207.2 6.55e-38  CONVERGED
  6  0.90  0.900  0.99955404  0.25    0.8749   1.7918 2.000  1.7918 5.806e-03    308.6 1.48e-39  CONVERGED  *CERT*
  6  0.92  0.920  0.99994998  0.10    1.7980   3.6101 2.000  1.9999 1.176e-02    170.1 3.51e-34  CONVERGED
  6  0.92  0.920  0.99994998  0.15    1.1610   2.3362 2.000  1.9999 6.740e-03    296.7 7.03e-35  CONVERGED
  6  0.92  0.920  0.99994998  0.18    0.9507   1.9155 2.000  1.9155 5.138e-03    372.8 2.89e-35  CONVERGED  *CERT*
  6  0.92  0.920  0.99994998  0.25    0.6594   1.3329 2.000  1.3329 3.230e-03    412.7 4.22e-36  CONVERGED  *CERT*
  6  0.95  0.950  0.99997034  0.10    0.8214   1.6537 2.000  1.6537 2.328e-03    710.3 1.49e-71  CONVERGED  *CERT*
  6  0.95  0.950  0.99997034  0.15    0.5430   1.0969 2.000  1.0969 1.416e-03    774.6 1.53e-72  CONVERGED  *CERT*
  6  0.95  0.950  0.99997034  0.18    0.4502   0.9113 2.000  0.9113 1.114e-03    817.7 4.10e-73  CONVERGED  *CERT*
  6  0.95  0.950  0.99997034  0.25    0.3206   0.6522 2.000  0.6522 7.070e-04    922.5 2.05e-74  CONVERGED  *CERT*
  6  0.97  0.970  0.99999796  0.10    0.4748   0.9524 2.000  0.9524 8.250e-04   1154.5 0.00e+00  CONVERGED  *CERT*
  6  0.97  0.970  0.99999796  0.15    0.3063   0.6154 2.000  0.6154 5.012e-04   1227.8 0.00e+00  CONVERGED  *CERT*
  6  0.97  0.970  0.99999796  0.18    0.2496   0.5021 2.000  0.5021 3.944e-04   1273.0 0.00e+00  CONVERGED  *CERT*
  6  0.97  0.970  0.99999796  0.25    0.1700   0.3429 2.000  0.3429 2.512e-04   1364.8 0.00e+00  CONVERGED  *CERT*

  L    FR   |S|/D    w_S        eta   Lam/eta   B_leak  triv   cert    relL1     slack   in/out    conv
  ------------------------------------------------------------------------------------------------------------------
  8  0.20  0.200  0.97186627  0.10   17.7477  35.5771 1.972  1.9719 6.752e-01      2.9 3.29e-32  CONVERGED
  8  0.20  0.200  0.97186627  0.15   11.8303  23.8262 1.972  1.9719 4.782e-01      4.1 2.20e-32  CONVERGED
  8  0.20  0.200  0.97186627  0.18    9.8687  19.9307 1.972  1.9719 4.027e-01      4.9 1.84e-32  CONVERGED
  8  0.20  0.200  0.97186627  0.25    7.1354  14.5029 1.972  1.9719 3.020e-01      6.5 1.32e-32  CONVERGED
  8  0.30  0.300  0.98929999  0.10   14.7434  29.6141 1.989  1.9893 5.496e-01      3.6 0.00e+00  CONVERGED
  8  0.30  0.300  0.98929999  0.15    9.7429  19.6399 1.989  1.9893 3.540e-01      5.6 0.00e+00  CONVERGED
  8  0.30  0.300  0.98929999  0.18    8.0822  16.3274 1.989  1.9893 2.803e-01      7.1 0.00e+00  CONVERGED
  8  0.30  0.300  0.98929999  0.25    5.7664  11.7082 1.989  1.9893 1.779e-01     11.2 0.00e+00  CONVERGED
  8  0.40  0.400  0.99513308  0.10   11.2192  22.5505 1.995  1.9951 3.380e-01      5.9 1.71e-08  CONVERGED
  8  0.40  0.400  0.99513308  0.15    7.3480  14.8175 1.995  1.9951 2.025e-01      9.9 2.41e-11  CONVERGED
  8  0.40  0.400  0.99513308  0.18    6.0674  12.2594 1.995  1.9951 1.553e-01     12.8 1.16e-11  CONVERGED
  8  0.40  0.400  0.99513308  0.25    4.2865   8.7019 1.995  1.9951 9.197e-02     21.7 0.00e+00  CONVERGED
  8  0.50  0.500  0.99807715  0.10    7.5122  15.1048 1.998  1.9981 1.583e-01     12.6 3.57e-07  CONVERGED
  8  0.50  0.500  0.99807715  0.15    4.8572   9.7973 1.998  1.9981 8.666e-02     23.1 2.39e-09  CONVERGED
  8  0.50  0.500  0.99807715  0.18    3.9899   8.0636 1.998  1.9981 6.402e-02     31.2 1.23e-10  CONVERGED
  8  0.50  0.500  0.99807715  0.25    2.7970   5.6789 1.998  1.9981 3.641e-02     54.9 0.00e+00  CONVERGED
  8  0.56  0.560  0.99882541  0.10    5.5486  11.1624 1.999  1.9988 8.413e-02     23.8 2.80e-04  CONVERGED
  8  0.56  0.560  0.99882541  0.15    3.6169   7.3003 1.999  1.9988 4.669e-02     42.8 2.98e-05  CONVERGED
  8  0.56  0.560  0.99882541  0.18    2.9867   6.0402 1.999  1.9988 3.539e-02     56.5 7.57e-06  CONVERGED
  8  0.56  0.560  0.99882541  0.25    2.1192   4.3056 1.999  1.9988 2.093e-02     95.5 2.95e-07  CONVERGED
  8  0.60  0.600  0.99904177  0.10    4.7989   9.6575 1.999  1.9990 5.984e-02     33.4 1.17e-06  CONVERGED
  8  0.60  0.600  0.99904177  0.15    3.1628   6.3859 1.999  1.9990 3.452e-02     57.9 1.13e-08  CONVERGED
  8  0.60  0.600  0.99904177  0.18    2.6264   5.3134 1.999  1.9990 2.670e-02     74.9 6.89e-10  CONVERGED
  8  0.60  0.600  0.99904177  0.25    1.8848   3.8306 1.999  1.9990 1.625e-02    123.0 0.00e+00  CONVERGED
  8  0.70  0.700  0.99978339  0.10    3.2122   6.4536 2.000  1.9998 2.583e-02     77.4 6.05e-06  CONVERGED
  8  0.70  0.700  0.99978339  0.15    2.1058   4.2408 2.000  1.9998 1.492e-02    134.0 9.32e-08  CONVERGED
  8  0.70  0.700  0.99978339  0.18    1.7386   3.5063 2.000  1.9998 1.135e-02    176.2 7.51e-09  CONVERGED
  8  0.70  0.700  0.99978339  0.25    1.2268   2.4829 2.000  1.9998 6.558e-03    304.9 1.32e-11  CONVERGED
  8  0.75  0.750  0.99987875  0.10    2.5379   5.0978 2.000  1.9999 1.606e-02    124.6 1.30e-03  CONVERGED
  8  0.75  0.750  0.99987875  0.15    1.6521   3.3262 2.000  1.9999 8.982e-03    222.7 2.03e-04  CONVERGED
  8  0.75  0.750  0.99987875  0.18    1.3587   2.7394 2.000  1.9999 6.750e-03    296.3 6.51e-05  CONVERGED
  8  0.75  0.750  0.99987875  0.25    0.9502   1.9224 2.000  1.9224 3.804e-03    505.4 4.43e-06  CONVERGED  *CERT*
  8  0.80  0.800  0.99995583  0.10    1.8072   3.6276 2.000  2.0000 8.149e-03    245.4 2.84e-05  CONVERGED
  8  0.80  0.800  0.99995583  0.15    1.1629   2.3391 2.000  2.0000 4.375e-03    457.2 6.84e-07  CONVERGED
  8  0.80  0.800  0.99995583  0.18    0.9517   1.9167 2.000  1.9167 3.203e-03    598.5 7.21e-08  CONVERGED  *CERT*
  8  0.80  0.800  0.99995583  0.25    0.6595   1.3323 2.000  1.3323 1.757e-03    758.2 3.38e-10  CONVERGED  *CERT*
  8  0.82  0.820  0.99996233  0.10    1.5099   3.0320 2.000  2.0000 5.795e-03    345.1 2.65e-03  CONVERGED
  8  0.82  0.820  0.99996233  0.15    0.9712   1.9547 2.000  1.9547 3.115e-03    627.4 4.68e-04  CONVERGED  *CERT*
  8  0.82  0.820  0.99996233  0.18    0.7953   1.6028 2.000  1.6028 2.281e-03    702.6 1.62e-04  CONVERGED  *CERT*
  8  0.82  0.820  0.99996233  0.25    0.5525   1.1173 2.000  1.1173 1.251e-03    893.0 1.32e-05  CONVERGED  *CERT*
  8  0.85  0.850  0.99996915  0.10    1.1177   2.2464 2.000  2.0000 3.193e-03    626.4 5.02e-05  CONVERGED
  8  0.85  0.850  0.99996915  0.15    0.7239   1.4589 2.000  1.4589 1.743e-03    836.9 1.36e-06  CONVERGED  *CERT*
  8  0.85  0.850  0.99996915  0.18    0.5962   1.2036 2.000  1.2036 1.302e-03    924.5 1.54e-07  CONVERGED  *CERT*
  8  0.85  0.850  0.99996915  0.25    0.4203   0.8517 2.000  0.8517 7.554e-04   1127.5 8.51e-10  CONVERGED  *CERT*
  8  0.88  0.880  0.99998592  0.10    0.6653   1.3380 2.000  1.3380 1.132e-03   1182.0 5.37e-03  CONVERGED  *CERT*
  8  0.88  0.880  0.99998592  0.15    0.4391   0.8858 2.000  0.8858 6.552e-04   1351.9 9.25e-04  CONVERGED  *CERT*
  8  0.88  0.880  0.99998592  0.18    0.3646   0.7367 2.000  0.7367 5.023e-04   1466.6 3.15e-04  CONVERGED  *CERT*
  8  0.88  0.880  0.99998592  0.25    0.2613   0.5300 2.000  0.5300 2.980e-04   1778.5 2.49e-05  CONVERGED  *CERT*
  8  0.90  0.900  0.99999540  0.10    0.5126   1.0296 2.000  1.0296 6.510e-04   1581.5 1.18e-04  CONVERGED  *CERT*
  8  0.90  0.900  0.99999540  0.15    0.3359   0.6762 2.000  0.6762 3.710e-04   1822.7 3.43e-06  CONVERGED  *CERT*
  8  0.90  0.900  0.99999540  0.18    0.2774   0.5590 2.000  0.5590 2.805e-04   1992.8 4.07e-07  CONVERGED  *CERT*
  8  0.90  0.900  0.99999540  0.25    0.1959   0.3961 2.000  0.3961 1.593e-04   2486.7 3.09e-09  CONVERGED  *CERT*
  8  0.92  0.920  0.99999772  0.10    0.3855   0.7740 2.000  0.7740 3.655e-04   2117.9 9.55e-03  CONVERGED  *CERT*
  8  0.92  0.920  0.99999772  0.15    0.2517   0.5065 2.000  0.5065 2.085e-04   2428.6 1.66e-03  CONVERGED  *CERT*
  8  0.92  0.920  0.99999772  0.18    0.2073   0.4175 2.000  0.4175 1.575e-04   2650.2 5.74e-04  CONVERGED  *CERT*
  8  0.92  0.920  0.99999772  0.25    0.1452   0.2935 2.000  0.2935 8.919e-05   3290.1 4.74e-05  CONVERGED  *CERT*
  8  0.95  0.950  0.99999916  0.10    0.2053   0.4125 2.000  0.4125 1.059e-04   3896.5 1.19e-02  CONVERGED  *CERT*
  8  0.95  0.950  0.99999916  0.15    0.1325   0.2668 2.000  0.2668 5.772e-05   4622.2 2.16e-03  CONVERGED  *CERT*
  8  0.95  0.950  0.99999916  0.18    0.1086   0.2191 2.000  0.2191 4.327e-05   5064.4 7.65e-04  CONVERGED  *CERT*
  8  0.95  0.950  0.99999916  0.25    0.0757   0.1533 2.000  0.1533 2.471e-05   6202.2 6.56e-05  CONVERGED  *CERT*

  L    FR   |S|/D    w_S        eta   Lam/eta   B_leak  triv   cert    relL1     slack   in/out    conv
  ------------------------------------------------------------------------------------------------------------------
 10  0.20  0.200  0.99361574  0.10   11.6606  23.4434 1.994  1.9936 3.306e-01      6.0 6.41e-05  CONVERGED
 10  0.20  0.200  0.99361574  0.15    7.7187  15.5722 1.994  1.9936 1.798e-01     11.1 3.34e-06  CONVERGED
 10  0.20  0.200  0.99361574  0.18    6.4139  12.9667 1.994  1.9936 1.349e-01     14.8 5.56e-07  CONVERGED
 10  0.20  0.200  0.99361574  0.25    4.5981   9.3411 1.994  1.9936 8.199e-02     24.3 8.15e-09  CONVERGED
 10  0.30  0.300  0.99748955  0.10    8.2526  16.5950 1.997  1.9975 1.525e-01     13.1 2.02e-04  CONVERGED
 10  0.30  0.300  0.99748955  0.15    5.4523  10.9979 1.997  1.9975 8.245e-02     24.2 1.70e-05  CONVERGED
 10  0.30  0.300  0.99748955  0.18    4.5252   9.1449 1.997  1.9975 6.140e-02     32.5 3.77e-06  CONVERGED
 10  0.30  0.300  0.99748955  0.25    3.2371   6.5703 1.997  1.9975 3.625e-02     55.1 1.09e-07  CONVERGED
 10  0.40  0.400  0.99915688  0.10    5.5045  11.0647 1.999  1.9992 6.531e-02     30.6 5.00e-04  CONVERGED
 10  0.40  0.400  0.99915688  0.15    3.5934   7.2434 1.999  1.9992 3.397e-02     58.8 5.47e-05  CONVERGED
 10  0.40  0.400  0.99915688  0.18    2.9629   5.9827 1.999  1.9992 2.487e-02     80.4 1.42e-05  CONVERGED
 10  0.40  0.400  0.99915688  0.25    2.0912   4.2395 1.999  1.9992 1.398e-02    143.0 5.99e-07  CONVERGED
 10  0.50  0.500  0.99969196  0.10    3.3086   6.6518 2.000  1.9997 2.285e-02     87.5 8.69e-04  CONVERGED
 10  0.50  0.500  0.99969196  0.15    2.1590   4.3528 2.000  1.9997 1.173e-02    170.5 9.66e-05  CONVERGED
 10  0.50  0.500  0.99969196  0.18    1.7808   3.5965 2.000  1.9997 8.622e-03    231.9 2.54e-05  CONVERGED
 10  0.50  0.500  0.99969196  0.25    1.2587   2.5524 2.000  1.9997 4.947e-03    404.2 1.10e-06  CONVERGED
 10  0.60  0.600  0.99988733  0.10    2.0372   4.0956 2.000  1.9999 8.067e-03    247.9 1.63e-03  CONVERGED
 10  0.60  0.600  0.99988733  0.15    1.3419   2.7050 2.000  1.9999 4.338e-03    461.0 2.03e-04  CONVERGED
 10  0.60  0.600  0.99988733  0.18    1.1125   2.2462 2.000  1.9999 3.221e-03    620.8 5.70e-05  CONVERGED
 10  0.60  0.600  0.99988733  0.25    0.7948   1.6107 2.000  1.6107 1.879e-03    857.3 2.90e-06  CONVERGED  *CERT*
 10  0.70  0.700  0.99997418  0.10    1.1715   2.3531 2.000  2.0000 2.509e-03    797.1 3.73e-03  CONVERGED
 10  0.70  0.700  0.99997418  0.15    0.7623   1.5347 2.000  1.5347 1.310e-03   1171.3 5.51e-04  CONVERGED  *CERT*
 10  0.70  0.700  0.99997418  0.18    0.6271   1.2644 2.000  1.2644 9.559e-04   1322.6 1.71e-04  CONVERGED  *CERT*
 10  0.70  0.700  0.99997418  0.25    0.4401   0.8903 2.000  0.8903 5.259e-04   1693.1 1.10e-05  CONVERGED  *CERT*
 10  0.80  0.800  0.99999516  0.10    0.4617   0.9278 2.000  0.9278 3.818e-04   2430.0 9.72e-03  CONVERGED  *CERT*
 10  0.80  0.800  0.99999516  0.15    0.3024   0.6092 2.000  0.6092 2.027e-04   3005.4 1.45e-03  CONVERGED  *CERT*
 10  0.80  0.800  0.99999516  0.18    0.2500   0.5044 2.000  0.5044 1.510e-04   3340.7 4.52e-04  CONVERGED  *CERT*
 10  0.80  0.800  0.99999516  0.25    0.1776   0.3596 2.000  0.3596 8.891e-05   4044.3 2.91e-05  CONVERGED  *CERT*
 10  0.85  0.850  0.99999867  0.10    0.2785   0.5593 2.000  0.5593 1.317e-04   4246.8 1.46e-02  CONVERGED  *CERT*
 10  0.85  0.850  0.99999867  0.15    0.1823   0.3668 2.000  0.3668 7.161e-05   5122.2 2.21e-03  CONVERGED  *CERT*
 10  0.85  0.850  0.99999867  0.18    0.1504   0.3032 2.000  0.3032 5.316e-05   5703.9 6.95e-04  CONVERGED  *CERT*
 10  0.85  0.850  0.99999867  0.25    0.1063   0.2150 2.000  0.2150 3.031e-05   7092.4 4.55e-05  CONVERGED  *CERT*
 10  0.90  0.900  0.99999975  0.10    0.1278   0.2567 2.000  0.2567 2.636e-05   9735.0 3.36e-02  CONVERGED  *CERT*
 10  0.90  0.900  0.99999975  0.15    0.0825   0.1661 2.000  0.1661 1.360e-05  12216.5 5.13e-03  CONVERGED  *CERT*
 10  0.90  0.900  0.99999975  0.18    0.0677   0.1364 2.000  0.1364 1.000e-05  13632.9 1.62e-03  CONVERGED  *CERT*
 10  0.90  0.900  0.99999975  0.25    0.0472   0.0955 2.000  0.0955 5.664e-06  16858.6 1.08e-04  CONVERGED  *CERT*

  L    FR   |S|/D    w_S        eta   Lam/eta   B_leak  triv   cert    relL1     slack   in/out    conv
  ------------------------------------------------------------------------------------------------------------------
 12  0.10  0.100  0.99474668  0.10   12.6857  25.4828 1.995  1.9947 2.438e-01      8.2 1.17e-02  CONVERGED
 12  0.10  0.100  0.99474668  0.15    8.3154  16.7538 1.995  1.9947 1.314e-01     15.2 3.65e-03  CONVERGED
 12  0.10  0.100  0.99474668  0.18    6.8778  13.8822 1.995  1.9947 1.014e-01     19.7 1.93e-03  CONVERGED
 12  0.10  0.100  0.99474668  0.25    4.8887   9.9094 1.995  1.9947 6.964e-02     28.6 4.86e-04  CONVERGED
 12  0.14  0.140  0.99764109  0.10    9.8535  19.7924 1.998  1.9976 1.524e-01     13.1 1.56e-02  CONVERGED
 12  0.14  0.140  0.99764109  0.15    6.3927  12.8749 1.998  1.9976 7.543e-02     26.5 4.79e-03  CONVERGED
 12  0.14  0.140  0.99764109  0.18    5.2586  10.6081 1.998  1.9976 5.566e-02     35.9 2.55e-03  CONVERGED
 12  0.14  0.140  0.99764109  0.25    3.6967   7.4861 1.998  1.9976 3.518e-02     56.8 6.78e-04  CONVERGED
 12  0.18  0.180  0.99880386  0.10    7.4780  15.0207 1.999  1.9988 8.809e-02     22.7 1.81e-02  CONVERGED
 12  0.18  0.180  0.99880386  0.15    4.8247   9.7157 1.999  1.9988 4.205e-02     47.5 5.58e-03  CONVERGED
 12  0.18  0.180  0.99880386  0.18    3.9595   7.9858 1.999  1.9988 3.070e-02     65.1 2.99e-03  CONVERGED
 12  0.18  0.180  0.99880386  0.25    2.7724   5.6123 1.999  1.9988 1.908e-02    104.8 8.13e-04  CONVERGED
 12  0.20  0.200  0.99910817  0.10    6.5601  13.1769 1.999  1.9991 6.699e-02     29.8 1.96e-02  CONVERGED
 12  0.20  0.200  0.99910817  0.15    4.2315   8.5208 1.999  1.9991 3.184e-02     62.8 6.37e-03  CONVERGED
 12  0.20  0.200  0.99910817  0.18    3.4731   7.0043 1.999  1.9991 2.327e-02     85.9 3.46e-03  CONVERGED
 12  0.20  0.200  0.99910817  0.25    2.4334   4.9254 1.999  1.9991 1.446e-02    138.3 9.52e-04  CONVERGED
 12  0.30  0.300  0.99973509  0.10    3.9013   7.8346 2.000  1.9997 2.086e-02     95.8 6.19e-02  MARGINAL
 12  0.30  0.300  0.99973509  0.15    2.5179   5.0679 2.000  1.9997 1.010e-02    197.9 1.84e-02  CONVERGED
 12  0.30  0.300  0.99973509  0.18    2.0695   4.1713 2.000  1.9997 7.374e-03    271.2 9.36e-03  CONVERGED
 12  0.30  0.300  0.99973509  0.25    1.4555   2.9433 2.000  1.9997 4.582e-03    436.4 2.41e-03  CONVERGED
 12  0.40  0.400  0.99993619  0.10    2.2324   4.4807 2.000  1.9999 6.614e-03    302.4 5.36e-02  MARGINAL
 12  0.40  0.400  0.99993619  0.15    1.4204   2.8567 2.000  1.9999 3.052e-03    655.2 2.12e-02  CONVERGED
 12  0.40  0.400  0.99993619  0.18    1.1583   2.3325 2.000  1.9999 2.176e-03    919.0 1.28e-02  CONVERGED
 12  0.40  0.400  0.99993619  0.25    0.8017   1.6193 2.000  1.6193 1.245e-03   1300.2 4.22e-03  CONVERGED  *CERT*
 12  0.45  0.450  0.99996354  0.10    1.6434   3.2989 2.000  2.0000 3.532e-03    566.2 1.46e-02  CONVERGED
 12  0.45  0.450  0.99996354  0.15    1.0475   2.1071 2.000  2.0000 1.646e-03   1215.2 4.24e-03  CONVERGED
 12  0.45  0.450  0.99996354  0.18    0.8553   1.7226 2.000  1.7226 1.185e-03   1453.5 2.01e-03  CONVERGED  *CERT*
 12  0.45  0.450  0.99996354  0.25    0.5941   1.2003 2.000  1.2003 6.962e-04   1724.0 3.41e-04  CONVERGED  *CERT*
 12  0.50  0.500  0.99997971  0.10    1.2380   2.4849 2.000  2.0000 1.942e-03   1030.0 2.23e-02  CONVERGED
 12  0.50  0.500  0.99997971  0.15    0.7931   1.5952 2.000  1.5952 9.178e-04   1738.1 6.94e-03  CONVERGED  *CERT*
 12  0.50  0.500  0.99997971  0.18    0.6494   1.3078 2.000  1.3078 6.606e-04   1979.8 3.41e-03  CONVERGED  *CERT*
 12  0.50  0.500  0.99997971  0.25    0.4538   0.9167 2.000  0.9167 3.891e-04   2356.2 6.33e-04  CONVERGED  *CERT*
 12  0.55  0.550  0.99999046  0.10    0.9338   1.8739 2.000  1.8739 1.069e-03   1753.4 3.45e-02  CONVERGED  *CERT*
 12  0.55  0.550  0.99999046  0.15    0.5978   1.2018 2.000  1.2018 5.070e-04   2370.5 1.05e-02  CONVERGED  *CERT*
 12  0.55  0.550  0.99999046  0.18    0.4891   0.9843 2.000  0.9843 3.624e-04   2715.8 5.18e-03  CONVERGED  *CERT*
 12  0.55  0.550  0.99999046  0.25    0.3408   0.6878 2.000  0.6878 2.073e-04   3317.7 9.85e-04  CONVERGED  *CERT*
 12  0.60  0.600  0.99999542  0.10    0.6846   1.3736 2.000  1.3736 5.645e-04   2433.2 4.71e-02  CONVERGED  *CERT*
 12  0.60  0.600  0.99999542  0.15    0.4368   0.8779 2.000  0.8779 2.660e-04   3300.2 1.40e-02  CONVERGED  *CERT*
 12  0.60  0.600  0.99999542  0.18    0.3565   0.7173 2.000  0.7173 1.885e-04   3805.4 6.99e-03  CONVERGED  *CERT*
 12  0.60  0.600  0.99999542  0.25    0.2470   0.4983 2.000  0.4983 1.044e-04   4775.2 1.36e-03  CONVERGED  *CERT*
 12  0.70  0.700  0.99999915  0.10    0.3489   0.6996 2.000  0.6996 2.682e-04   2609.0 5.77e-01  NOT-CONVERGED  *CERT*
 12  0.70  0.700  0.99999915  0.15    0.1970   0.3958 2.000  0.3958 5.682e-05   6965.9 2.31e-01  MARGINAL  *CERT*
 12  0.70  0.700  0.99999915  0.18    0.1579   0.3176 2.000  0.3176 3.569e-05   8899.7 1.38e-01  MARGINAL  *CERT*
 12  0.70  0.700  0.99999915  0.25    0.1082   0.2183 2.000  0.2183 1.992e-05  10959.0 4.69e-02  CONVERGED  *CERT*
 12  0.80  0.800  0.99999990  0.10    0.2206   0.4418 2.000  0.4418 2.482e-04   1780.1 1.60e+00  NOT-CONVERGED  *CERT*
 12  0.80  0.800  0.99999990  0.15    0.0872   0.1751 2.000  0.1751 2.303e-05   7603.2 6.12e-01  NOT-CONVERGED  *CERT*
 12  0.80  0.800  0.99999990  0.18    0.0643   0.1293 2.000  0.1293 8.064e-06  16031.1 3.56e-01  NOT-CONVERGED  *CERT*
 12  0.80  0.800  0.99999990  0.25    0.0420   0.0847 2.000  0.0847 2.720e-06  31150.0 1.14e-01  MARGINAL  *CERT*
 12  0.85  0.850  0.99999998  0.10    0.2742   0.5487 2.000  0.5487 3.315e-04   1655.1 4.66e+00  NOT-CONVERGED  *CERT*
 12  0.85  0.850  0.99999998  0.15    0.0695   0.1392 2.000  0.1392 2.458e-05   5662.2 1.65e+00  NOT-CONVERGED  *CERT*
 12  0.85  0.850  0.99999998  0.18    0.0393   0.0790 2.000  0.0790 6.122e-06  12897.4 9.07e-01  NOT-CONVERGED  *CERT*
 12  0.85  0.850  0.99999998  0.25    0.0206   0.0415 2.000  0.0415 7.312e-07  56701.3 2.59e-01  MARGINAL  *CERT*
 12  0.90  0.900  1.00000000  0.10    0.2692   0.5386 2.000  0.5386 3.458e-04   1557.5 1.10e+01  NOT-CONVERGED  *CERT*
 12  0.90  0.900  1.00000000  0.15    0.0606   0.1213 2.000  0.1213 2.440e-05   4970.9 4.01e+00  NOT-CONVERGED  *CERT*
 12  0.90  0.900  1.00000000  0.18    0.0285   0.0572 2.000  0.0572 5.573e-06  10255.9 2.19e+00  NOT-CONVERGED  *CERT*
 12  0.90  0.900  1.00000000  0.25    0.0095   0.0192 2.000  0.0192 3.118e-07  61609.8 6.15e-01  NOT-CONVERGED  *CERT*

================================================================================================
FRONTIER  FR*(L,eta): the fraction at which the certificate stops being trivial.
  measured  = from Lambda_K at the depth actually run (certifies A_K at that depth)
  limit     = from Lambda_K,out alone (the n_l -> inf extrapolation; NOT a bound)
================================================================================================
  L   eta    FR*      bracket         +-grid   +-depth   FR*_limit   conv/pts
  6  0.10    0.943   [0.92,0.95]     0.015    0.0000       0.943   13/13
  6  0.15    0.926   [0.92,0.95]     0.015    0.0000       0.926   13/13
  6  0.18    0.917   [0.90,0.92]     0.010    0.0000       0.917   13/13
  6  0.25    0.889   [0.85,0.90]     0.025    0.0000       0.889   13/13
  8  0.10    0.857   [0.85,0.88]     0.015    0.0000       0.857   15/15
  8  0.15    0.817   [0.80,0.82]     0.010    0.0000       0.817   15/15
  8  0.18    0.794   [0.75,0.80]     0.025    0.0000       0.794   15/15
  8  0.25    0.742   [0.70,0.75]     0.025    0.0000       0.742   15/15
 10  0.10    0.717   [0.70,0.80]     0.050    0.0000       0.717   9/9
 10  0.15    0.653   [0.60,0.70]     0.050    0.0000       0.653   9/9
 10  0.18    0.620   [0.60,0.70]     0.050    0.0000       0.620   9/9
 10  0.25    0.553   [0.50,0.60]     0.050    0.0000       0.553   9/9
 12  0.10    0.538   [0.50,0.55]     0.025    0.0001       0.538   8/14
 12  0.15    0.459   [0.45,0.50]     0.025    0.0000       0.459   10/14
 12  0.18    0.425   [0.40,0.45]     0.025    0.0000       0.425   10/14
 12  0.25    0.365   [0.30,0.40]     0.050    0.0000       0.365   11/14

========================================================================================================
IS THE FRONTIER PHYSICS, OR IS IT THE BOUND?  (the warning of VE section 11)
  FR*        : where the CERTIFICATE stops being trivial
  FR(0.05)   : where the TRUE rel-L1 crosses the repo's own 5% threshold
  gap        : how much extra sector the certificate demands over the truth
========================================================================================================
  L   eta     FR*      FR(relL1=0.05)   FR(relL1=0.01)   gap(FR*-FR.05)   slack at frontier
  6  0.10    0.943            0.860            0.923           +0.083   710x
  6  0.15    0.926            0.816            0.907           +0.110   775x
  6  0.18    0.917            0.786            0.898           +0.131   373x
  6  0.25    0.889            0.727            0.873           +0.162   309x
  8  0.10    0.857            0.621            0.785           +0.235   1182x
  8  0.15    0.817            0.553            0.739           +0.264   627x
  8  0.18    0.794            0.525            0.712           +0.269   598x
  8  0.25    0.742            0.466            0.654           +0.277   505x
 10  0.10    0.717            0.425            0.579           +0.292   2430x
 10  0.15    0.653            0.356            0.516           +0.297   1171x
 10  0.18    0.620            0.323            0.486           +0.297   1323x
 10  0.25    0.553            0.261            0.432           +0.292   857x
 12  0.10    0.538            0.225            0.364           +0.313   1557x
 12  0.15    0.459            0.168            0.301           +0.291   1738x
 12  0.18    0.425            0.147            0.273           +0.278   1454x
 12  0.25    0.365            0.119            0.232           +0.245   1300x

======================================================================
CONVERGENCE CENSUS
======================================================================
  L= 6  total= 52   CONVERGED=52
  L= 8  total= 60   CONVERGED=60
  L=10  total= 36   CONVERGED=36
  L=12  total= 56   CONVERGED=39  MARGINAL=6  NOT-CONVERGED=11

  NOT fully converged (L, FR, eta, in/out, nl):
    L=12 FR=0.30 eta=0.10  in/out=6.193e-02  nl=300  -> MARGINAL (B=7.8346 vs limit B_out=7.8196, trivial=1.9997)
    L=12 FR=0.40 eta=0.10  in/out=5.355e-02  nl=300  -> MARGINAL (B=4.4807 vs limit B_out=4.4743, trivial=1.9999)
    L=12 FR=0.70 eta=0.10  in/out=5.771e-01  nl=300  -> NOT-CONVERGED (B=0.6996 vs limit B_out=0.6062, trivial=2.0000)
    L=12 FR=0.70 eta=0.15  in/out=2.306e-01  nl=300  -> MARGINAL (B=0.3958 vs limit B_out=0.3857, trivial=2.0000)
    L=12 FR=0.70 eta=0.18  in/out=1.384e-01  nl=300  -> MARGINAL (B=0.3176 vs limit B_out=0.3146, trivial=2.0000)
    L=12 FR=0.80 eta=0.10  in/out=1.596e+00  nl=300  -> NOT-CONVERGED (B=0.4418 vs limit B_out=0.2349, trivial=2.0000)
    L=12 FR=0.80 eta=0.15  in/out=6.121e-01  nl=300  -> NOT-CONVERGED (B=0.1751 vs limit B_out=0.1494, trivial=2.0000)
    L=12 FR=0.80 eta=0.18  in/out=3.565e-01  nl=300  -> NOT-CONVERGED (B=0.1293 vs limit B_out=0.1218, trivial=2.0000)
    L=12 FR=0.80 eta=0.25  in/out=1.144e-01  nl=300  -> MARGINAL (B=0.0847 vs limit B_out=0.0842, trivial=2.0000)
    L=12 FR=0.85 eta=0.10  in/out=4.656e+00  nl=300  -> NOT-CONVERGED (B=0.5487 vs limit B_out=0.1154, trivial=2.0000)
    L=12 FR=0.85 eta=0.15  in/out=1.653e+00  nl=300  -> NOT-CONVERGED (B=0.1392 vs limit B_out=0.0722, trivial=2.0000)
    L=12 FR=0.85 eta=0.18  in/out=9.073e-01  nl=300  -> NOT-CONVERGED (B=0.0790 vs limit B_out=0.0586, trivial=2.0000)
    L=12 FR=0.85 eta=0.25  in/out=2.595e-01  nl=300  -> MARGINAL (B=0.0415 vs limit B_out=0.0401, trivial=2.0000)
    L=12 FR=0.90 eta=0.10  in/out=1.098e+01  nl=300  -> NOT-CONVERGED (B=0.5386 vs limit B_out=0.0489, trivial=2.0000)
    L=12 FR=0.90 eta=0.15  in/out=4.006e+00  nl=300  -> NOT-CONVERGED (B=0.1213 vs limit B_out=0.0295, trivial=2.0000)
    L=12 FR=0.90 eta=0.18  in/out=2.186e+00  nl=300  -> NOT-CONVERGED (B=0.0572 vs limit B_out=0.0238, trivial=2.0000)
    L=12 FR=0.90 eta=0.25  in/out=6.149e-01  nl=300  -> NOT-CONVERGED (B=0.0192 vs limit B_out=0.0164, trivial=2.0000)

======================================================================
VERDICT ON THE PUBLISHED FRACTION
======================================================================
  L= 8 FR=0.56 eta=0.10: B=11.1624 vs trivial 1.9988 -> VACUOUS by x5.58  (relL1=8.413e-02, in/out=2.8e-04, CONVERGED)
  L= 8 FR=0.56 eta=0.15: B=7.3003 vs trivial 1.9988 -> VACUOUS by x3.65  (relL1=4.669e-02, in/out=3.0e-05, CONVERGED)
  L= 8 FR=0.56 eta=0.18: B=6.0402 vs trivial 1.9988 -> VACUOUS by x3.02  (relL1=3.539e-02, in/out=7.6e-06, CONVERGED)
  L= 8 FR=0.56 eta=0.25: B=4.3056 vs trivial 1.9988 -> VACUOUS by x2.15  (relL1=2.093e-02, in/out=3.0e-07, CONVERGED)
  L=12 FR=0.18 eta=0.10: B=15.0207 vs trivial 1.9988 -> VACUOUS by x7.51  (relL1=8.809e-02, in/out=1.8e-02, CONVERGED)
  L=12 FR=0.18 eta=0.15: B=9.7157 vs trivial 1.9988 -> VACUOUS by x4.86  (relL1=4.205e-02, in/out=5.6e-03, CONVERGED)
  L=12 FR=0.18 eta=0.18: B=7.9858 vs trivial 1.9988 -> VACUOUS by x4.00  (relL1=3.070e-02, in/out=3.0e-03, CONVERGED)
  L=12 FR=0.18 eta=0.25: B=5.6123 vs trivial 1.9988 -> VACUOUS by x2.81  (relL1=1.908e-02, in/out=8.1e-04, CONVERGED)

======================================================================
MEASURED COST
======================================================================
  L= 6  13 points,    41.3 s of subspace work (0.01 h), peak 0.00 GiB/point, nl=[48, 53, 90, 120, 150, 180, 210, 239, 254, 269, 274, 285, 291]
  L= 8  15 points,   288.6 s of subspace work (0.08 h), peak 0.03 GiB/point, nl=[500, 765, 900]
  L=10   9 points,   969.5 s of subspace work (0.27 h), peak 0.28 GiB/point, nl=[700]
  L=12  14 points,  1574.5 s of subspace work (0.44 h), peak 1.64 GiB/point, nl=[300, 500]
